date,temp_max,temp_min,precipitation,wind_speed
2015-01-01,2.40,-4.40,0.00,21.30
2015-01-02,5.30,-2.40,0.00,19.90
2015-01-03,6.80,-3.30,16.50,15.80
2015-01-04,13.40,6.60,7.20,22.30
2015-01-05,7.10,-4.00,0.00,26.80
2015-01-06,-4.40,-6.70,1.20,17.10
2015-01-07,-4.20,-12.50,0.00,29.40
2015-01-08,-6.10,-13.40,0.00,25.90
2015-01-09,0.50,-8.60,0.90,24.70
2015-01-10,-5.20,-9.80,0.00,17.60
2015-01-11,1.90,-9.00,0.00,15.00
2015-01-12,2.30,-1.40,12.40,12.50
2015-01-13,1.40,-8.20,1.10,19.80
2015-01-14,-0.20,-8.40,0.00,13.50
2015-01-15,1.20,-5.30,0.00,13.00
2015-01-16,4.70,-6.20,0.00,22.80
2015-01-17,-2.00,-8.60,0.00,17.60
2015-01-18,6.40,-3.40,34.10,11.30
2015-01-19,5.20,-1.80,0.00,22.70
2015-01-20,5.00,-2.80,0.00,11.90
2015-01-21,1.20,-5.70,0.10,8.20
2015-01-22,4.40,-2.80,0.40,12.40
2015-01-23,3.50,-4.70,0.00,12.00
2015-01-24,2.00,-0.70,21.80,16.30
2015-01-25,3.60,-4.10,0.00,17.80
2015-01-26,-3.10,-5.80,5.80,26.30
2015-01-27,-3.40,-7.70,12.10,26.30
2015-01-28,-3.10,-12.10,0.00,16.80
2015-01-29,-0.80,-15.90,0.40,11.70
2015-01-30,1.50,-9.30,2.50,26.00
2015-01-31,-5.90,-14.30,0.00,27.20
2015-02-01,0.50,-14.60,0.30,11.10
2015-02-02,2.40,-8.80,26.90,23.00
2015-02-03,-5.70,-15.60,0.00,21.80
2015-02-04,2.70,-13.30,0.00,11.60
2015-02-05,0.40,-12.70,0.90,25.00
2015-02-06,-5.30,-19.40,0.00,17.90
2015-02-07,0.50,-13.60,0.00,11.50
2015-02-08,3.50,-2.70,0.10,13.50
2015-02-09,-0.00,-4.40,3.90,19.00
2015-02-10,1.40,-5.30,0.30,18.60
2015-02-11,-1.80,-8.10,0.00,18.30
2015-02-12,2.60,-7.50,0.40,23.40
2015-02-13,-8.10,-15.80,0.00,25.30
2015-02-14,-0.70,-13.90,1.00,13.70
2015-02-15,-5.70,-17.20,1.40,33.40
2015-02-16,-7.90,-19.00,0.00,22.90
2015-02-17,-4.30,-11.40,3.00,12.00
2015-02-18,-2.70,-14.10,0.00,9.70
2015-02-19,-7.20,-14.20,0.00,28.90
2015-02-20,-9.00,-19.60,0.00,24.10
2015-02-21,-1.90,-17.80,10.30,18.20
2015-02-22,5.20,-2.80,7.20,10.20
2015-02-23,-1.90,-15.20,0.00,21.60
2015-02-24,-7.30,-19.80,0.00,14.30
2015-02-25,0.80,-15.10,0.00,19.60
2015-02-26,-3.30,-8.20,0.80,16.30
2015-02-27,-2.90,-13.50,0.00,12.60
2015-02-28,-3.90,-17.70,0.00,10.70
2015-03-01,-1.70,-9.60,11.70,10.90
2015-03-02,1.80,-6.30,0.30,24.90
2015-03-03,1.50,-11.80,10.60,15.60
2015-03-04,4.50,2.20,4.90,20.50
2015-03-05,2.10,-6.60,18.80,15.60
2015-03-06,-6.00,-15.30,0.00,17.40
2015-03-07,1.10,-17.00,0.00,15.80
2015-03-08,6.00,-6.10,0.00,20.50
2015-03-09,7.30,-5.30,0.10,11.70
2015-03-10,6.40,-1.30,6.30,9.40
2015-03-11,11.10,0.80,3.40,14.70
2015-03-12,5.60,-3.60,0.00,23.50
2015-03-13,3.70,-5.10,0.00,12.50
2015-03-14,6.30,0.80,20.50,10.80
2015-03-15,6.40,0.80,0.00,30.90
2015-03-16,8.20,-3.50,0.00,16.40
2015-03-17,12.10,-1.30,0.80,31.60
2015-03-18,2.90,-4.40,0.00,30.30
2015-03-19,4.40,-6.20,0.00,16.60
2015-03-20,2.00,-3.50,11.00,14.70
2015-03-21,8.30,-1.80,0.10,12.70
2015-03-22,4.20,-4.80,0.00,22.50
2015-03-23,2.40,-8.30,0.00,18.70
2015-03-24,5.30,-4.10,0.00,8.20
2015-03-25,6.80,-2.70,2.00,17.10
2015-03-26,14.90,1.80,7.90,20.50
2015-03-27,8.40,1.40,6.50,16.30
2015-03-28,4.30,-1.70,0.00,21.10
2015-03-29,6.40,-3.30,0.00,17.50
2015-03-30,11.00,-0.80,0.10,22.80
2015-03-31,6.30,-1.30,5.30,12.40
2015-04-01,10.20,-1.20,0.00,17.70
2015-04-02,16.00,-2.00,0.90,22.10
2015-04-03,15.00,10.30,5.40,20.40
2015-04-04,14.40,3.40,1.90,32.30
2015-04-05,15.00,0.80,0.00,27.20
2015-04-06,16.80,0.50,0.30,12.80
2015-04-07,15.50,5.90,3.40,15.60
2015-04-08,6.90,4.20,0.50,20.40
2015-04-09,6.70,2.90,0.20,15.10
2015-04-10,14.00,3.90,0.70,16.20
2015-04-11,13.40,6.20,0.00,20.70
2015-04-12,16.90,1.50,0.00,10.70
2015-04-13,18.60,4.10,0.00,18.00
2015-04-14,16.60,10.60,1.00,17.90
2015-04-15,19.20,7.40,0.00,16.80
2015-04-16,15.10,5.40,0.00,14.20
2015-04-17,19.50,10.30,3.60,15.80
2015-04-18,23.50,8.00,0.00,18.40
2015-04-19,13.30,7.00,0.00,17.00
2015-04-20,15.40,7.00,26.80,28.20
2015-04-21,17.80,8.80,6.90,20.60
2015-04-22,18.80,5.40,4.00,23.90
2015-04-23,9.90,4.10,0.40,28.00
2015-04-24,9.00,1.70,0.00,24.70
2015-04-25,14.20,1.00,0.00,14.80
2015-04-26,13.90,4.20,0.00,14.00
2015-04-27,14.80,5.10,0.00,18.60
2015-04-28,18.60,8.10,0.00,19.00
2015-04-29,22.20,9.00,0.00,15.00
2015-04-30,15.50,7.30,0.00,17.80
2015-05-01,13.50,7.70,0.00,10.50
2015-05-02,17.80,6.60,0.00,17.10
2015-05-03,23.10,6.10,0.00,12.20
2015-05-04,26.20,9.10,0.00,17.20
2015-05-05,26.00,14.80,0.00,15.10
2015-05-06,19.60,12.80,0.00,12.90
2015-05-07,23.70,10.10,0.00,13.50
2015-05-08,26.40,11.00,0.00,15.80
2015-05-09,18.60,11.80,0.00,10.50
2015-05-10,27.00,15.60,0.00,15.00
2015-05-11,26.60,18.00,0.60,15.50
2015-05-12,29.30,18.10,0.00,24.50
2015-05-13,18.90,12.50,0.00,25.50
2015-05-14,20.70,9.30,0.00,16.60
2015-05-15,22.30,10.70,0.00,16.50
2015-05-16,25.50,12.90,6.30,12.30
2015-05-17,26.80,16.80,6.30,7.90
2015-05-18,19.90,14.20,0.00,16.30
2015-05-19,25.00,14.00,5.80,11.60
2015-05-20,19.30,11.90,0.00,22.70
2015-05-21,15.00,9.40,0.00,11.60
2015-05-22,21.60,11.30,0.00,25.60
2015-05-23,19.20,9.10,0.00,17.10
2015-05-24,25.20,9.90,0.00,14.00
2015-05-25,28.50,14.20,0.00,17.90
2015-05-26,30.00,17.40,0.00,17.00
2015-05-27,29.50,18.90,3.30,19.50
2015-05-28,30.00,18.70,3.80,14.90
2015-05-29,26.50,15.80,0.00,13.60
2015-05-30,28.50,17.00,0.00,19.20
2015-05-31,29.20,19.70,7.80,16.10
2015-06-01,21.50,12.70,25.30,19.40
2015-06-02,12.50,11.10,25.10,17.20
2015-06-03,18.90,11.60,0.50,11.30
2015-06-04,16.30,12.20,0.50,13.10
2015-06-05,17.40,12.40,0.30,11.00
2015-06-06,23.10,13.70,2.40,19.20
2015-06-07,21.50,10.50,0.00,18.50
2015-06-08,24.60,15.10,1.30,19.10
2015-06-09,26.40,18.30,2.60,18.40
2015-06-10,26.40,14.60,0.00,14.40
2015-06-11,31.00,19.30,0.00,14.70
2015-06-12,28.90,19.70,0.00,15.30
2015-06-13,28.40,22.20,0.00,18.70
2015-06-14,28.60,18.30,0.50,16.90
2015-06-15,28.60,19.20,21.70,14.50
2015-06-16,26.30,18.30,8.90,14.80
2015-06-17,24.80,18.40,0.00,15.30
2015-06-18,20.70,17.70,0.00,12.20
2015-06-19,27.90,18.30,0.30,10.50
2015-06-20,20.80,18.20,0.90,14.80
2015-06-21,29.60,20.90,39.20,20.70
2015-06-22,29.00,19.90,0.00,17.40
2015-06-23,31.80,21.00,0.00,21.10
2015-06-24,27.40,18.40,0.00,16.60
2015-06-25,27.10,16.50,0.00,11.20
2015-06-26,24.80,19.80,0.10,12.30
2015-06-27,20.80,16.90,35.00,24.20
2015-06-28,22.20,17.40,33.30,20.60
2015-06-29,23.10,16.10,0.00,18.60
2015-06-30,25.90,16.60,0.30,19.50
2015-07-01,27.10,20.20,11.20,20.10
2015-07-02,24.70,17.40,0.00,8.00
2015-07-03,26.20,17.50,0.00,13.70
2015-07-04,23.30,18.60,1.50,13.30
2015-07-05,27.50,17.40,0.00,8.90
2015-07-06,26.40,18.60,0.30,11.00
2015-07-07,29.10,22.30,4.50,13.50
2015-07-08,29.20,22.30,8.00,14.80
2015-07-09,26.00,21.30,3.10,13.00
2015-07-10,27.90,20.00,0.10,19.20
2015-07-11,28.40,18.60,0.00,11.60
2015-07-12,29.90,18.40,0.10,8.00
2015-07-13,28.60,20.40,0.00,14.30
2015-07-14,25.90,18.80,6.60,14.50
2015-07-15,26.70,21.40,1.80,18.70
2015-07-16,25.50,17.70,0.00,19.70
2015-07-17,26.20,15.70,0.00,14.90
2015-07-18,28.60,20.40,2.80,16.20
2015-07-19,32.90,22.10,0.00,12.00
2015-07-20,33.20,24.80,0.20,12.00
2015-07-21,32.40,22.60,0.30,16.40
2015-07-22,28.50,19.80,0.00,20.90
2015-07-23,28.20,18.00,0.00,13.90
2015-07-24,28.00,17.30,0.00,8.40
2015-07-25,28.80,17.30,0.00,14.40
2015-07-26,30.80,20.30,0.00,17.30
2015-07-27,27.00,20.70,18.30,13.10
2015-07-28,31.30,21.00,0.00,9.20
2015-07-29,32.70,21.10,0.00,13.30
2015-07-30,31.20,23.40,8.90,17.60
2015-07-31,30.80,20.60,0.00,13.80
2015-08-01,30.30,21.50,0.70,17.00
2015-08-02,29.70,18.10,0.00,11.50
2015-08-03,31.10,20.60,0.00,18.80
2015-08-04,31.80,21.90,1.20,16.90
2015-08-05,30.20,19.50,0.00,17.70
2015-08-06,27.50,17.00,0.00,11.50
2015-08-07,27.40,18.70,0.00,12.10
2015-08-08,27.40,18.00,0.00,7.30
2015-08-09,27.70,18.30,0.00,11.40
2015-08-10,26.80,18.20,0.00,15.90
2015-08-11,26.00,20.80,30.20,19.20
2015-08-12,27.50,18.90,0.00,14.10
2015-08-13,27.40,17.20,0.00,10.50
2015-08-14,29.20,16.80,0.00,10.80
2015-08-15,31.40,19.90,0.00,12.40
2015-08-16,31.50,20.90,0.00,9.40
2015-08-17,32.60,21.90,0.00,9.60
2015-08-18,31.30,23.10,0.30,16.40
2015-08-19,28.90,21.70,0.10,17.70
2015-08-20,28.30,22.50,1.20,22.70
2015-08-21,28.60,22.50,2.50,16.20
2015-08-22,28.10,19.50,0.20,15.60
2015-08-23,27.00,18.30,1.10,11.90
2015-08-24,29.10,20.50,0.00,12.40
2015-08-25,29.30,21.50,5.00,14.60
2015-08-26,27.60,18.20,0.00,14.40
2015-08-27,26.10,19.00,0.00,12.00
2015-08-28,26.00,16.70,0.00,9.30
2015-08-29,28.70,16.60,0.00,13.70
2015-08-30,30.70,19.30,0.00,13.60
2015-08-31,31.60,22.60,0.00,14.40
2015-09-01,30.50,20.80,0.00,10.50
2015-09-02,30.50,20.70,0.00,10.90
2015-09-03,32.20,20.40,6.30,9.40
2015-09-04,27.00,21.70,0.90,16.40
2015-09-05,25.70,18.60,0.00,12.60
2015-09-06,27.40,16.60,0.00,13.40
2015-09-07,31.20,18.00,0.00,13.20
2015-09-08,33.50,21.60,0.00,13.50
2015-09-09,31.00,21.90,0.40,13.60
2015-09-10,25.60,21.20,37.70,12.30
2015-09-11,24.60,18.30,4.80,16.20
2015-09-12,24.20,17.90,10.80,17.10
2015-09-13,22.10,16.80,2.40,15.30
2015-09-14,22.60,13.90,0.00,22.10
2015-09-15,26.10,13.20,0.00,10.50
2015-09-16,27.70,14.80,0.00,8.60
2015-09-17,28.50,15.80,0.00,9.20
2015-09-18,27.60,16.10,0.00,11.80
2015-09-19,26.70,16.70,0.00,12.50
2015-09-20,23.60,17.40,0.00,18.30
2015-09-21,20.50,13.80,0.10,15.60
2015-09-22,20.80,16.10,0.00,13.90
2015-09-23,24.20,13.90,0.00,10.20
2015-09-24,25.20,13.20,0.00,12.70
2015-09-25,21.70,16.30,0.00,13.80
2015-09-26,19.80,15.40,0.00,16.90
2015-09-27,20.70,13.50,0.00,11.90
2015-09-28,24.70,15.30,0.10,9.40
2015-09-29,25.60,18.30,6.60,10.50
2015-09-30,25.40,15.40,23.70,22.40
2015-10-01,15.60,13.50,1.30,22.40
2015-10-02,14.30,9.30,27.20,25.70
2015-10-03,11.80,9.70,2.20,28.60
2015-10-04,15.20,11.90,0.10,24.10
2015-10-05,16.60,10.40,0.00,15.40
2015-10-06,20.70,8.90,0.00,9.30
2015-10-07,21.40,12.40,0.00,10.10
2015-10-08,18.90,12.10,0.00,9.50
2015-10-09,23.90,13.50,6.90,16.90
2015-10-10,16.30,10.40,0.00,20.00
2015-10-11,19.20,7.20,0.00,11.50
2015-10-12,22.60,8.80,0.00,11.20
2015-10-13,22.40,12.10,0.00,14.30
2015-10-14,18.50,11.90,0.00,14.30
2015-10-15,16.40,8.40,0.00,14.00
2015-10-16,16.70,10.20,0.00,16.90
2015-10-17,12.50,6.00,0.00,19.10
2015-10-18,8.70,2.80,0.00,20.90
2015-10-19,10.30,0.30,0.00,19.10
2015-10-20,19.90,6.70,0.00,19.90
2015-10-21,22.50,9.00,0.00,14.00
2015-10-22,23.10,9.50,0.50,15.80
2015-10-23,16.10,8.00,0.00,17.20
2015-10-24,12.30,4.90,0.00,11.40
2015-10-25,18.30,11.00,0.10,18.00
2015-10-26,13.80,5.70,0.00,13.10
2015-10-27,13.90,4.60,0.00,10.80
2015-10-28,18.40,10.70,17.70,27.40
2015-10-29,20.20,13.00,8.10,25.80
2015-10-30,14.60,7.30,0.00,16.70
2015-10-31,11.80,2.80,0.00,12.30
2015-11-01,17.20,8.40,0.20,16.60
2015-11-02,17.40,8.90,0.00,11.50
2015-11-03,21.10,6.60,0.00,8.90
2015-11-04,19.20,8.30,0.00,9.70
2015-11-05,20.10,10.20,0.00,9.20
2015-11-06,21.90,16.60,0.00,20.40
2015-11-07,18.10,11.80,0.00,12.50
2015-11-08,13.10,6.90,0.00,17.60
2015-11-09,14.10,6.30,0.00,7.40
2015-11-10,15.10,9.60,1.20,22.10
2015-11-11,13.90,8.90,3.70,19.80
2015-11-12,13.40,8.90,3.80,19.40
2015-11-13,13.10,7.70,0.00,27.40
2015-11-14,8.30,4.10,0.00,25.90
2015-11-15,13.90,2.00,0.00,16.50
2015-11-16,18.20,6.20,0.00,14.20
2015-11-17,9.30,4.20,0.00,16.30
2015-11-18,13.70,5.90,0.00,15.50
2015-11-19,17.70,12.60,21.80,22.30
2015-11-20,15.60,6.20,3.60,16.80
2015-11-21,9.30,4.20,0.00,14.20
2015-11-22,11.10,6.30,0.50,18.70
2015-11-23,5.70,0.40,0.00,20.10
2015-11-24,7.00,-2.60,0.00,10.70
2015-11-25,8.30,-0.40,0.00,7.80
2015-11-26,15.00,4.30,0.00,9.40
2015-11-27,17.00,4.20,0.00,14.10
2015-11-28,13.60,7.60,1.70,12.90
2015-11-29,8.50,3.00,0.00,15.90
2015-11-30,7.30,0.50,0.00,16.30
2015-12-01,9.10,6.60,12.90,15.70
2015-12-02,12.70,7.50,9.60,13.60
2015-12-03,12.50,5.40,0.00,24.50
2015-12-04,9.90,2.60,0.00,14.50
2015-12-05,9.70,0.10,0.00,7.90
2015-12-06,10.70,0.10,0.00,9.10
2015-12-07,11.50,1.10,0.00,12.60
2015-12-08,8.10,3.40,0.00,15.90
2015-12-09,10.50,3.10,0.00,13.20
2015-12-10,13.60,6.20,0.10,12.30
2015-12-11,15.40,5.20,0.00,14.30
2015-12-12,16.20,7.30,0.00,12.60
2015-12-13,17.20,9.60,0.00,10.50
2015-12-14,16.10,10.80,4.30,18.10
2015-12-15,17.20,10.30,1.90,25.50
2015-12-16,9.90,4.90,0.00,14.50
2015-12-17,12.80,7.60,19.00,10.50
2015-12-18,11.50,3.10,0.10,17.40
2015-12-19,4.30,0.70,0.00,25.90
2015-12-20,5.10,-1.20,0.00,17.00
2015-12-21,10.60,0.30,0.00,17.70
2015-12-22,14.00,9.50,7.20,20.10
2015-12-23,16.10,9.50,21.30,13.30
2015-12-24,20.10,13.80,4.00,20.70
2015-12-25,17.60,11.30,3.80,9.40
2015-12-26,12.80,8.90,0.00,17.60
2015-12-27,15.80,7.90,4.80,20.80
2015-12-28,6.80,3.20,0.30,27.70
2015-12-29,10.20,3.00,10.70,24.50
2015-12-30,9.00,4.00,1.70,11.70
2015-12-31,9.70,3.90,2.40,14.50
2016-01-01,6.20,0.60,0.00,21.10
2016-01-02,4.20,-1.50,0.00,15.50
2016-01-03,6.50,-1.00,0.00,19.10
2016-01-04,-0.40,-7.90,0.00,26.30
2016-01-05,-1.40,-10.00,0.00,25.70
2016-01-06,3.40,-6.20,0.00,10.20
2016-01-07,5.40,-5.00,0.00,8.50
2016-01-08,6.00,-1.30,0.00,12.70
2016-01-09,8.40,2.50,0.10,13.60
2016-01-10,13.90,4.70,31.20,28.80
2016-01-11,3.40,-3.30,0.00,24.10
2016-01-12,5.60,-5.60,0.00,22.70
2016-01-13,-1.10,-4.90,0.00,28.20
2016-01-14,2.70,-5.50,0.10,17.40
2016-01-15,8.70,-1.10,0.20,9.00
2016-01-16,10.00,2.40,8.10,20.00
2016-01-17,4.10,-2.20,1.90,11.50
2016-01-18,-2.20,-6.90,0.00,29.10
2016-01-19,-2.40,-8.60,0.00,32.20
2016-01-20,2.60,-4.40,0.00,21.10
2016-01-21,2.10,-3.90,0.00,17.90
2016-01-22,-1.40,-6.20,0.30,15.80
2016-01-23,-2.50,-4.10,43.90,37.70
2016-01-24,-3.50,-9.90,1.10,26.30
2016-01-25,-0.20,-9.50,0.00,10.90
2016-01-26,4.90,-5.20,0.00,15.70
2016-01-27,3.50,-4.80,0.30,13.10
2016-01-28,1.60,-8.30,0.00,9.30
2016-01-29,3.30,-6.10,0.20,17.90
2016-01-30,1.30,-8.70,0.00,16.00
2016-01-31,5.70,-3.70,0.00,13.80
2016-02-01,8.20,1.80,0.00,12.60
2016-02-02,8.50,-3.30,0.00,10.80
2016-02-03,12.30,-1.40,14.10,23.90
2016-02-04,12.10,6.50,0.70,15.60
2016-02-05,5.70,-3.40,16.70,21.70
2016-02-06,2.60,-5.90,0.00,13.20
2016-02-07,5.70,-4.70,0.00,14.50
2016-02-08,1.10,-2.70,1.10,23.20
2016-02-09,0.60,-3.60,0.90,12.40
2016-02-10,3.10,-2.50,0.70,18.40
2016-02-11,-2.80,-7.60,0.00,33.40
2016-02-12,-4.10,-12.70,0.00,24.00
2016-02-13,-7.30,-15.50,0.00,31.60
2016-02-14,-9.60,-18.70,0.00,24.40
2016-02-15,3.50,-10.40,6.50,13.90
2016-02-16,11.50,1.10,20.10,32.40
2016-02-17,5.90,-1.60,0.00,17.80
2016-02-18,1.60,-4.10,0.00,18.40
2016-02-19,1.80,-6.00,0.50,14.60
2016-02-20,14.90,1.30,0.00,21.80
2016-02-21,11.50,1.40,1.00,18.90
2016-02-22,9.50,-1.30,1.80,11.70
2016-02-23,5.00,-0.30,6.20,23.20
2016-02-24,14.00,2.30,22.80,35.70
2016-02-25,14.10,3.40,3.90,36.20
2016-02-26,3.40,-2.20,0.00,26.90
2016-02-27,4.40,-4.80,0.00,16.60
2016-02-28,14.20,0.20,0.00,19.40
2016-02-29,13.80,6.30,0.90,22.80
2016-03-01,8.70,1.40,0.40,18.80
2016-03-02,11.30,-1.20,4.70,29.90
2016-03-03,2.00,-3.70,0.00,16.30
2016-03-04,2.50,-1.20,3.50,19.20
2016-03-05,3.50,-3.40,0.00,13.40
2016-03-06,5.60,-3.50,0.00,9.00
2016-03-07,13.70,-1.60,0.00,22.50
2016-03-08,15.60,2.80,0.00,12.00
2016-03-09,22.60,3.90,0.00,15.10
2016-03-10,24.00,11.30,0.00,12.90
2016-03-11,16.70,7.50,3.40,18.50
2016-03-12,14.70,2.10,0.00,13.80
2016-03-13,14.70,6.20,0.00,13.20
2016-03-14,8.50,5.50,4.60,26.00
2016-03-15,11.90,6.30,0.30,24.20
2016-03-16,16.00,5.70,0.60,13.50
2016-03-17,15.30,4.50,0.40,22.70
2016-03-18,13.20,5.70,0.00,27.60
2016-03-19,7.30,-0.30,0.00,13.20
2016-03-20,4.50,-0.20,2.30,17.30
2016-03-21,9.10,0.30,2.90,26.40
2016-03-22,12.30,-0.80,0.00,21.40
2016-03-23,19.70,7.10,0.00,17.70
2016-03-24,13.20,5.00,0.00,19.60
2016-03-25,21.40,9.60,3.80,19.60
2016-03-26,10.60,2.40,0.00,19.30
2016-03-27,9.90,4.30,0.00,15.10
2016-03-28,14.60,5.90,2.90,30.70
2016-03-29,10.90,3.90,0.00,30.40
2016-03-30,11.70,-1.10,0.00,20.20
2016-03-31,20.80,6.10,0.00,32.10
2016-04-01,23.00,14.80,3.00,22.20
2016-04-02,14.50,8.50,7.90,14.80
2016-04-03,8.10,0.80,4.70,41.30
2016-04-04,11.30,0.40,14.40,19.90
2016-04-05,4.80,-3.50,0.00,24.50
2016-04-06,8.10,-3.30,0.00,25.70
2016-04-07,13.40,7.10,9.50,29.20
2016-04-08,9.20,4.30,0.30,26.80
2016-04-09,5.70,0.50,3.70,24.20
2016-04-10,9.00,-1.20,0.00,22.70
2016-04-11,15.90,4.30,0.60,19.30
2016-04-12,13.00,5.90,5.70,19.80
2016-04-13,11.50,0.80,0.00,12.40
2016-04-14,13.70,1.80,0.00,12.20
2016-04-15,14.80,1.80,0.00,10.00
2016-04-16,16.80,2.50,0.00,13.00
2016-04-17,19.90,2.60,0.00,10.40
2016-04-18,23.70,6.00,0.00,13.30
2016-04-19,19.90,10.00,0.00,21.10
2016-04-20,17.50,6.80,0.00,18.50
2016-04-21,21.20,5.20,0.00,17.20
2016-04-22,25.00,11.80,3.40,10.90
2016-04-23,19.80,12.00,2.00,15.10
2016-04-24,17.80,7.20,0.00,14.50
2016-04-25,19.10,8.10,0.00,10.00
2016-04-26,23.70,9.10,6.80,15.30
2016-04-27,14.20,7.80,0.00,14.10
2016-04-28,13.20,6.50,1.20,13.80
2016-04-29,11.80,7.40,2.50,16.60
2016-04-30,15.30,7.20,0.10,13.00
2016-05-01,9.70,8.30,4.70,14.80
2016-05-02,14.80,7.90,6.20,9.80
2016-05-03,12.00,10.10,24.40,13.30
2016-05-04,10.80,8.70,4.70,16.80
2016-05-05,12.40,7.70,0.00,20.50
2016-05-06,11.40,8.50,10.70,29.60
2016-05-07,14.40,9.00,1.80,13.60
2016-05-08,17.30,8.40,2.90,26.60
2016-05-09,21.10,6.70,0.00,26.60
2016-05-10,16.10,6.10,0.00,14.20
2016-05-11,21.40,7.30,0.00,12.60
2016-05-12,22.90,9.10,0.00,11.70
2016-05-13,17.50,11.00,8.70,8.90
2016-05-14,20.70,10.30,1.20,18.50
2016-05-15,13.40,8.60,0.30,28.10
2016-05-16,18.00,5.10,0.00,33.30
2016-05-17,17.60,9.50,0.10,16.80
2016-05-18,18.10,8.50,0.00,11.90
2016-05-19,19.80,10.90,0.00,10.80
2016-05-20,22.70,9.10,0.00,13.50
2016-05-21,15.80,11.80,0.30,12.60
2016-05-22,19.20,11.30,2.30,14.70
2016-05-23,22.70,10.30,0.60,11.40
2016-05-24,22.50,13.80,10.10,13.80
2016-05-25,29.80,11.40,0.00,13.60
2016-05-26,30.30,15.90,0.00,12.50
2016-05-27,29.40,18.10,1.80,15.00
2016-05-28,31.00,19.90,0.00,14.10
2016-05-29,29.70,20.10,0.30,18.60
2016-05-30,26.60,19.40,7.10,13.90
2016-05-31,28.10,20.20,0.40,11.80
2016-06-01,26.60,17.20,0.00,15.50
2016-06-02,22.80,15.40,0.00,14.00
2016-06-03,20.00,16.90,9.10,9.10
2016-06-04,26.40,17.90,0.70,10.60
2016-06-05,22.10,18.20,10.30,15.60
2016-06-06,27.70,18.10,0.00,17.30
2016-06-07,28.20,19.40,0.00,19.90
2016-06-08,20.30,13.00,10.70,27.10
2016-06-09,22.00,12.00,0.00,27.80
2016-06-10,24.00,12.50,0.00,18.30
2016-06-11,30.10,12.80,0.30,16.80
2016-06-12,26.90,16.40,0.00,29.30
2016-06-13,24.10,13.80,0.00,23.30
2016-06-14,26.20,13.70,0.00,14.80
2016-06-15,28.80,14.00,0.00,10.80
2016-06-16,23.80,18.30,0.10,7.70
2016-06-17,24.80,16.20,1.40,16.10
2016-06-18,28.80,13.80,0.00,13.50
2016-06-19,29.90,17.40,0.00,19.90
2016-06-20,29.00,16.70,0.00,16.40
2016-06-21,31.00,20.90,3.80,17.40
2016-06-22,30.10,19.40,0.00,22.30
2016-06-23,27.50,19.10,3.10,8.00
2016-06-24,26.50,18.00,0.00,15.40
2016-06-25,27.70,17.20,0.00,12.60
2016-06-26,29.50,17.90,0.00,17.70
2016-06-27,28.10,16.90,4.40,18.90
2016-06-28,23.70,20.30,11.80,14.10
2016-06-29,28.00,20.10,1.60,11.40
2016-06-30,28.50,18.20,0.00,11.50
2016-07-01,26.30,19.50,4.50,19.60
2016-07-02,25.60,18.40,0.00,20.20
2016-07-03,27.30,16.00,0.00,13.00
2016-07-04,28.20,17.40,1.70,16.30
2016-07-05,30.00,20.10,7.50,11.80
2016-07-06,32.20,20.80,0.00,10.50
2016-07-07,32.30,23.00,1.80,12.70
2016-07-08,30.30,20.30,15.20,16.40
2016-07-09,23.10,19.60,10.20,13.70
2016-07-10,26.80,19.30,1.90,18.00
2016-07-11,25.40,17.80,0.00,13.20
2016-07-12,26.90,17.30,0.00,16.50
2016-07-13,28.50,19.80,0.20,18.40
2016-07-14,31.10,22.70,6.60,16.30
2016-07-15,32.00,23.30,0.00,12.10
2016-07-16,31.30,22.10,6.20,13.20
2016-07-17,31.80,22.20,0.00,11.10
2016-07-18,34.00,23.00,1.60,17.20
2016-07-19,28.50,20.90,0.00,20.40
2016-07-20,28.20,18.30,0.00,8.70
2016-07-21,31.00,19.70,0.00,16.40
2016-07-22,35.00,22.00,0.00,19.40
2016-07-23,34.70,24.30,0.00,18.70
2016-07-24,33.00,20.70,0.00,14.30
2016-07-25,33.70,23.20,15.80,12.60
2016-07-26,32.60,22.20,0.00,17.10
2016-07-27,31.40,20.90,0.00,9.20
2016-07-28,32.00,23.20,0.30,16.50
2016-07-29,28.90,21.70,24.80,14.80
2016-07-30,27.90,22.10,17.20,11.80
2016-07-31,24.90,22.40,13.20,12.20
2016-08-01,25.00,21.30,0.60,11.70
2016-08-02,24.00,19.80,0.90,12.90
2016-08-03,24.90,16.90,0.00,11.80
2016-08-04,26.10,17.80,0.00,12.20
2016-08-05,27.10,17.80,0.00,13.40
2016-08-06,30.30,21.60,1.90,13.70
2016-08-07,30.20,19.90,0.00,14.50
2016-08-08,29.70,18.70,0.00,7.90
2016-08-09,29.30,20.10,0.00,15.20
2016-08-10,29.40,23.00,14.70,12.00
2016-08-11,31.70,24.50,7.20,12.30
2016-08-12,34.20,24.70,2.60,17.10
2016-08-13,33.50,25.90,2.70,14.20
2016-08-14,33.90,26.00,0.00,15.90
2016-08-15,32.20,25.00,0.20,11.20
2016-08-16,29.10,24.60,11.50,16.80
2016-08-17,29.90,24.60,0.10,20.40
2016-08-18,29.00,23.10,1.00,7.30
2016-08-19,28.70,23.10,0.30,12.10
2016-08-20,28.20,22.60,2.00,14.30
2016-08-21,29.00,21.90,7.00,17.40
2016-08-22,25.80,19.10,0.90,20.50
2016-08-23,26.90,14.90,0.00,7.20
2016-08-24,29.40,17.80,0.00,13.40
2016-08-25,29.50,19.10,0.00,17.00
2016-08-26,32.30,23.20,0.00,13.20
2016-08-27,29.90,20.50,0.00,11.60
2016-08-28,29.80,20.50,0.00,15.90
2016-08-29,32.30,22.00,0.00,15.10
2016-08-30,28.30,19.70,0.00,13.00
2016-08-31,30.00,21.70,0.00,11.90
2016-09-01,25.60,21.30,5.70,11.10
2016-09-02,26.10,19.00,0.00,16.30
2016-09-03,23.20,18.70,0.00,17.50
2016-09-04,25.70,16.90,0.00,16.40
2016-09-05,28.10,17.30,0.00,19.40
2016-09-06,26.60,20.90,0.80,26.80
2016-09-07,27.50,20.80,0.30,20.30
2016-09-08,30.40,19.60,0.00,11.00
2016-09-09,31.70,23.40,1.20,12.10
2016-09-10,32.00,23.30,5.30,15.00
2016-09-11,27.20,20.50,1.30,19.10
2016-09-12,24.30,15.10,0.00,14.10
2016-09-13,27.70,15.40,0.00,14.10
2016-09-14,31.90,19.10,0.00,16.60
2016-09-15,22.60,16.30,0.00,18.40
2016-09-16,22.00,14.80,0.00,15.10
2016-09-17,25.00,14.10,0.00,15.90
2016-09-18,28.40,19.70,0.70,15.30
2016-09-19,22.60,20.50,16.10,10.10
2016-09-20,26.50,20.10,0.00,11.80
2016-09-21,27.50,18.60,0.00,10.50
2016-09-22,27.10,16.30,0.00,10.50
2016-09-23,29.40,15.60,0.00,8.80
2016-09-24,21.30,14.70,3.60,21.10
2016-09-25,20.20,11.20,0.00,11.70
2016-09-26,21.30,11.30,0.00,14.90
2016-09-27,22.70,16.20,6.20,12.40
2016-09-28,21.70,12.90,1.20,21.00
2016-09-29,18.20,14.60,3.40,24.00
2016-09-30,15.40,13.70,13.60,24.90
2016-10-01,17.30,14.00,0.20,21.90
2016-10-02,17.20,14.50,0.50,11.90
2016-10-03,22.00,14.90,0.00,7.60
2016-10-04,19.30,14.70,0.00,16.20
2016-10-05,18.60,11.50,0.00,12.30
2016-10-06,21.30,11.40,0.00,9.10
2016-10-07,21.80,11.20,0.00,10.40
2016-10-08,20.10,12.80,3.30,7.30
2016-10-09,16.90,12.00,13.20,24.90
2016-10-10,16.60,8.60,0.00,20.80
2016-10-11,15.80,6.40,0.00,10.50
2016-10-12,17.80,10.60,0.00,9.20
2016-10-13,19.80,10.50,0.40,17.00
2016-10-14,16.30,8.40,0.00,15.60
2016-10-15,17.20,6.30,0.00,10.90
2016-10-16,21.30,8.80,0.00,14.80
2016-10-17,25.80,15.20,0.70,13.40
2016-10-18,26.80,15.80,0.00,16.50
2016-10-19,28.10,17.60,0.00,16.60
2016-10-20,20.90,14.60,0.20,17.90
2016-10-21,20.80,18.50,5.40,13.10
2016-10-22,17.70,8.20,28.00,26.70
2016-10-23,15.80,7.30,0.00,32.00
2016-10-24,15.80,9.00,2.30,21.30
2016-10-25,11.30,6.20,0.00,23.90
2016-10-26,10.10,3.20,0.00,14.80
2016-10-27,13.30,5.40,14.50,18.60
2016-10-28,13.60,5.40,0.60,28.40
2016-10-29,17.20,2.60,0.00,17.80
2016-10-30,23.10,12.70,8.70,14.80
2016-10-31,12.00,5.60,0.00,19.80
2016-11-01,14.00,3.90,0.00,10.40
2016-11-02,20.40,9.10,0.00,11.20
2016-11-03,21.10,12.30,0.40,19.90
2016-11-04,14.60,7.60,0.00,15.90
2016-11-05,16.80,4.20,0.00,15.20
2016-11-06,13.20,6.10,0.00,19.60
2016-11-07,11.40,3.70,0.00,13.80
2016-11-08,17.80,2.50,0.00,10.80
2016-11-09,13.90,7.60,3.30,17.80
2016-11-10,13.00,4.30,0.00,20.10
2016-11-11,15.30,4.70,0.00,25.50
2016-11-12,9.60,1.40,0.00,17.70
2016-11-13,15.10,2.30,0.00,14.50
2016-11-14,15.90,1.90,0.00,12.90
2016-11-15,8.90,7.30,23.10,21.30
2016-11-16,15.80,6.20,0.00,12.50
2016-11-17,15.60,6.60,0.00,16.10
2016-11-18,17.20,3.80,0.00,10.60
2016-11-19,15.60,4.80,1.50,13.50
2016-11-20,7.50,2.20,10.20,31.40
2016-11-21,4.10,1.30,0.00,32.90
2016-11-22,4.80,0.80,0.00,29.00
2016-11-23,7.10,-0.60,0.00,16.00
2016-11-24,10.60,2.50,0.70,10.00
2016-11-25,11.70,5.80,1.40,6.60
2016-11-26,10.00,3.60,0.20,14.30
2016-11-27,8.90,1.70,0.00,17.30
2016-11-28,10.00,-0.90,0.00,9.70
2016-11-29,13.90,3.90,19.40,21.20
2016-11-30,13.60,9.80,18.90,19.80
2016-12-01,14.70,5.30,7.40,25.80
2016-12-02,9.80,3.00,0.00,21.80
2016-12-03,7.40,3.00,0.00,26.80
2016-12-04,6.80,1.60,0.00,12.40
2016-12-05,8.40,2.00,6.10,15.90
2016-12-06,6.70,-0.80,5.50,16.50
2016-12-07,6.90,3.50,4.00,16.90
2016-12-08,6.70,0.00,0.00,18.70
2016-12-09,3.60,-1.50,0.00,28.50
2016-12-10,1.40,-3.40,0.00,17.10
2016-12-11,1.50,-4.80,0.60,10.20
2016-12-12,7.80,-0.30,10.70,16.10
2016-12-13,4.70,-1.80,0.00,14.00
2016-12-14,5.20,-1.30,0.00,17.40
2016-12-15,-0.30,-6.40,0.00,33.30
2016-12-16,-2.90,-7.60,0.00,26.60
2016-12-17,2.10,-4.00,14.00,11.00
2016-12-18,13.00,-1.20,4.50,25.20
2016-12-19,-1.60,-5.10,0.00,17.20
2016-12-20,-0.20,-7.30,0.00,10.10
2016-12-21,5.00,-3.40,0.00,13.70
2016-12-22,7.60,-2.60,0.00,16.70
2016-12-23,7.10,-1.10,0.00,13.70
2016-12-24,6.10,1.30,9.10,14.70
2016-12-25,9.00,-2.40,0.00,12.50
2016-12-26,8.40,-1.80,0.00,13.00
2016-12-27,14.40,2.40,0.80,26.50
2016-12-28,4.80,-1.30,0.00,16.60
2016-12-29,6.40,-3.00,10.20,17.40
2016-12-30,4.60,-0.90,0.00,23.40
2016-12-31,5.00,-2.50,0.00,24.90
2017-01-01,7.40,-0.50,0.10,23.10
2017-01-02,4.20,-0.90,5.80,20.60
2017-01-03,6.20,3.60,7.00,28.30
2017-01-04,9.80,1.80,0.80,32.40
2017-01-05,0.90,-4.00,0.00,26.80
2017-01-06,0.80,-3.80,1.80,15.40
2017-01-07,-4.30,-6.40,7.20,24.40
2017-01-08,-5.30,-11.30,0.10,25.80
2017-01-09,-6.80,-16.00,0.00,14.60
2017-01-10,3.50,-12.80,0.40,21.40
2017-01-11,10.40,3.50,4.80,30.60
2017-01-12,16.00,6.40,7.60,29.70
2017-01-13,15.10,0.00,0.00,27.60
2017-01-14,0.10,-3.80,1.00,13.80
2017-01-15,4.30,-2.80,0.00,14.40
2017-01-16,5.10,-4.80,0.00,13.00
2017-01-17,5.10,1.60,5.70,14.30
2017-01-18,4.40,3.10,0.50,15.80
2017-01-19,9.90,2.00,0.00,14.10
2017-01-20,6.70,0.60,3.10,10.50
2017-01-21,11.70,4.60,0.10,13.00
2017-01-22,8.90,5.10,0.30,27.90
2017-01-23,6.00,1.80,14.20,40.80
2017-01-24,3.80,1.70,34.10,42.90
2017-01-25,10.80,0.60,0.70,28.40
2017-01-26,10.50,4.40,1.60,30.20
2017-01-27,6.60,1.60,0.10,30.50
2017-01-28,4.20,-1.30,0.00,28.80
2017-01-29,6.40,-0.60,0.00,24.30
2017-01-30,3.00,-3.00,0.00,24.00
2017-01-31,0.80,-4.90,1.20,18.80
2017-02-01,8.40,-2.70,0.00,28.60
2017-02-02,6.40,-2.30,0.00,27.20
2017-02-03,1.50,-5.60,0.00,18.40
2017-02-04,1.30,-5.90,0.00,25.00
2017-02-05,6.80,-2.60,0.10,20.50
2017-02-06,8.30,-1.40,0.00,16.20
2017-02-07,4.90,0.30,4.20,17.50
2017-02-08,15.40,3.50,0.70,22.00
2017-02-09,4.40,-7.80,23.50,36.60
2017-02-10,-2.00,-10.20,0.20,22.70
2017-02-11,5.00,-2.80,0.80,12.20
2017-02-12,2.50,-1.30,10.60,19.70
2017-02-13,2.50,-2.00,0.00,36.90
2017-02-14,3.80,-4.70,0.00,22.40
2017-02-15,7.70,-2.00,0.50,25.30
2017-02-16,2.10,-3.00,0.00,34.00
2017-02-17,5.50,-3.80,0.00,22.60
2017-02-18,15.50,-2.80,0.00,21.00
2017-02-19,18.80,6.70,0.00,18.40
2017-02-20,11.10,2.80,0.00,22.30
2017-02-21,6.70,-2.10,0.00,19.80
2017-02-22,12.80,2.60,0.20,13.30
2017-02-23,18.00,3.50,0.00,20.00
2017-02-24,19.50,9.90,0.90,24.50
2017-02-25,14.10,8.60,9.50,27.70
2017-02-26,7.20,0.90,0.00,28.00
2017-02-27,11.90,-0.80,0.00,22.20
2017-02-28,14.80,2.80,0.70,16.90
2017-03-01,22.00,9.70,4.50,42.40
2017-03-02,16.10,2.40,0.00,43.30
2017-03-03,4.00,-3.50,0.30,27.60
2017-03-04,-0.40,-7.80,0.00,39.00
2017-03-05,2.70,-9.60,0.00,25.80
2017-03-06,4.20,-5.60,0.00,17.10
2017-03-07,11.90,3.20,6.70,22.20
2017-03-08,14.80,7.40,0.80,29.30
2017-03-09,14.10,8.20,0.00,32.00
2017-03-10,7.40,-3.20,8.40,28.90
2017-03-11,-0.50,-8.10,0.00,34.30
2017-03-12,0.60,-7.20,0.00,28.50
2017-03-13,0.30,-7.10,0.10,15.70
2017-03-14,0.20,-5.50,46.70,49.80
2017-03-15,-3.30,-8.10,0.60,34.50
2017-03-16,1.60,-7.20,0.00,24.10
2017-03-17,4.20,-6.50,0.00,18.20
2017-03-18,2.50,-7.40,2.50,22.30
2017-03-19,5.30,-1.10,0.00,21.90
2017-03-20,10.80,-3.80,0.00,18.10
2017-03-21,14.10,2.00,0.00,18.10
2017-03-22,4.40,-4.70,0.00,39.90
2017-03-23,5.80,-6.70,0.00,22.20
2017-03-24,12.40,-2.00,0.00,25.00
2017-03-25,15.90,5.10,1.80,26.80
2017-03-26,6.70,2.60,0.30,22.40
2017-03-27,12.40,4.20,9.50,13.20
2017-03-28,9.50,4.60,12.30,16.10
2017-03-29,14.60,4.20,0.20,23.10
2017-03-30,10.10,0.20,0.10,17.60
2017-03-31,5.60,3.00,27.10,34.90
2017-04-01,8.80,3.00,1.10,33.00
2017-04-02,15.60,2.00,0.00,25.30
2017-04-03,15.10,2.10,0.00,21.10
2017-04-04,12.40,7.40,17.90,28.80
2017-04-05,17.00,6.60,0.00,19.30
2017-04-06,14.10,4.40,25.40,39.80
2017-04-07,9.90,4.20,0.80,30.20
2017-04-08,13.20,2.70,0.00,27.90
2017-04-09,17.50,2.00,0.00,16.80
2017-04-10,21.50,5.90,0.00,18.80
2017-04-11,23.80,11.90,0.00,17.40
2017-04-12,22.60,10.90,0.40,17.20
2017-04-13,17.20,6.80,0.00,25.30
2017-04-14,15.90,5.30,0.00,18.60
2017-04-15,14.80,5.60,0.60,23.10
2017-04-16,27.90,13.70,0.50,29.30
2017-04-17,21.50,13.80,0.10,23.80
2017-04-18,17.10,7.80,0.00,26.30
2017-04-19,9.70,6.60,1.20,26.50
2017-04-20,18.50,9.20,2.40,18.30
2017-04-21,13.80,9.10,6.10,16.50
2017-04-22,12.90,9.40,3.10,19.40
2017-04-23,17.00,6.10,0.00,16.20
2017-04-24,12.90,7.50,0.30,12.00
2017-04-25,11.90,9.60,11.20,34.60
2017-04-26,16.70,10.90,5.90,27.40
2017-04-27,19.30,12.40,0.00,18.90
2017-04-28,26.00,12.20,0.20,20.40
2017-04-29,27.80,14.90,8.90,31.10
2017-04-30,18.50,10.40,0.70,24.80
2017-05-01,22.50,10.60,0.50,27.80
2017-05-02,22.90,14.70,0.70,38.20
2017-05-03,16.20,10.60,0.00,31.60
2017-05-04,15.20,6.50,0.00,24.50
2017-05-05,16.50,10.40,32.50,31.00
2017-05-06,18.80,11.60,4.50,30.90
2017-05-07,13.60,8.40,0.40,23.50
2017-05-08,13.80,6.10,0.00,27.80
2017-05-09,15.60,6.70,0.20,22.70
2017-05-10,16.90,8.00,0.00,15.30
2017-05-11,15.80,7.90,0.00,14.70
2017-05-12,14.40,7.40,0.00,19.80
2017-05-13,10.50,8.60,33.60,26.90
2017-05-14,18.10,7.80,4.90,24.90
2017-05-15,18.70,10.20,0.00,35.40
2017-05-16,24.20,9.80,0.00,18.40
2017-05-17,30.60,13.10,0.00,21.20
2017-05-18,31.80,20.40,0.00,23.70
2017-05-19,29.60,19.70,1.00,24.70
2017-05-20,17.90,12.30,0.20,23.90
2017-05-21,17.40,10.30,0.00,21.40
2017-05-22,15.70,12.40,16.00,15.10
2017-05-23,20.50,14.50,0.00,12.80
2017-05-24,19.50,13.90,1.80,17.00
2017-05-25,16.20,12.40,17.50,27.00
2017-05-26,22.50,12.70,6.50,25.00
2017-05-27,21.70,13.80,0.20,12.60
2017-05-28,19.90,13.20,0.70,22.20
2017-05-29,15.40,13.10,5.60,14.80
2017-05-30,15.20,13.00,0.70,21.30
2017-05-31,23.00,14.10,3.80,14.10
2017-06-01,24.90,14.00,0.00,23.70
2017-06-02,23.10,12.40,0.30,29.00
2017-06-03,21.50,11.10,1.80,24.00
2017-06-04,21.10,10.80,0.50,17.80
2017-06-05,22.20,14.40,3.70,16.20
2017-06-06,15.60,11.60,1.00,18.90
2017-06-07,18.60,10.60,0.40,17.10
2017-06-08,20.00,10.50,0.00,16.70
2017-06-09,24.60,10.30,0.80,19.60
2017-06-10,28.10,14.60,0.00,22.20
2017-06-11,32.00,19.20,0.00,16.90
2017-06-12,33.50,19.40,0.00,16.80
2017-06-13,34.30,21.10,1.00,18.10
2017-06-14,26.40,18.80,4.40,18.90
2017-06-15,22.20,16.60,0.00,22.20
2017-06-16,22.40,16.40,1.30,20.00
2017-06-17,22.60,18.50,7.90,19.90
2017-06-18,27.50,19.90,13.50,22.90
2017-06-19,28.60,21.50,20.10,26.70
2017-06-20,28.10,20.10,1.50,24.50
2017-06-21,27.00,19.90,2.80,24.50
2017-06-22,26.10,17.00,0.00,18.90
2017-06-23,28.80,22.40,2.50,28.30
2017-06-24,28.50,22.00,21.50,26.10
2017-06-25,26.90,18.00,0.10,17.60
2017-06-26,25.20,17.40,0.00,23.40
2017-06-27,22.90,16.50,9.20,14.90
2017-06-28,25.00,14.60,0.00,23.70
2017-06-29,27.70,16.90,0.10,29.50
2017-06-30,31.00,22.20,0.80,23.40
2017-07-01,27.20,22.10,2.20,22.50
2017-07-02,30.60,21.00,0.30,16.40
2017-07-03,31.50,19.90,2.80,16.60
2017-07-04,27.80,20.50,0.00,14.00
2017-07-05,28.60,20.20,0.00,22.30
2017-07-06,24.20,20.20,2.60,15.90
2017-07-07,26.00,19.80,59.80,18.60
2017-07-08,29.80,20.20,0.00,24.30
2017-07-09,27.20,17.70,0.00,21.30
2017-07-10,26.80,17.20,1.20,21.00
2017-07-11,28.50,21.10,4.50,19.80
2017-07-12,30.90,22.80,6.40,17.70
2017-07-13,33.10,23.30,3.20,21.30
2017-07-14,23.50,18.80,7.70,17.60
2017-07-15,28.60,20.50,0.30,17.10
2017-07-16,28.40,19.10,0.00,18.20
2017-07-17,27.80,20.70,0.10,23.30
2017-07-18,28.70,21.00,1.10,17.40
2017-07-19,32.10,22.40,0.00,17.70
2017-07-20,34.00,22.70,0.10,19.20
2017-07-21,33.30,23.60,0.00,16.50
2017-07-22,30.20,23.00,4.20,16.20
2017-07-23,25.00,22.80,19.50,19.30
2017-07-24,22.60,17.60,37.60,31.30
2017-07-25,21.50,17.00,22.20,15.10
2017-07-26,23.00,18.10,0.00,16.10
2017-07-27,24.90,17.40,1.20,15.00
2017-07-28,27.10,20.00,0.90,10.40
2017-07-29,23.90,17.40,6.50,28.20
2017-07-30,26.20,15.90,0.00,18.40
2017-07-31,29.00,15.60,0.00,11.20
2017-08-01,29.30,19.00,0.00,9.70
2017-08-02,27.40,21.00,9.40,12.40
2017-08-03,27.60,19.50,0.00,18.30
2017-08-04,26.10,20.70,13.10,25.00
2017-08-05,26.50,20.30,13.20,21.20
2017-08-06,26.00,16.90,0.00,18.30
2017-08-07,20.30,17.30,32.40,16.30
2017-08-08,24.40,18.20,0.30,15.60
2017-08-09,26.80,16.20,0.00,13.00
2017-08-10,27.60,16.90,0.00,16.60
2017-08-11,25.50,17.80,0.30,20.50
2017-08-12,24.00,19.30,11.60,16.90
2017-08-13,28.40,19.90,0.00,16.70
2017-08-14,25.90,19.00,0.30,12.00
2017-08-15,24.30,21.20,12.40,15.30
2017-08-16,29.60,20.00,0.00,13.60
2017-08-17,25.70,19.40,0.00,18.60
2017-08-18,28.40,22.90,12.70,25.30
2017-08-19,29.50,22.30,0.30,14.70
2017-08-20,28.10,20.40,0.00,18.60
2017-08-21,29.00,18.50,0.00,25.20
2017-08-22,31.50,22.00,0.50,25.30
2017-08-23,27.90,20.10,8.00,19.30
2017-08-24,26.50,18.00,0.00,16.30
2017-08-25,24.60,16.80,0.10,16.80
2017-08-26,23.90,16.80,0.00,12.40
2017-08-27,23.80,15.50,0.00,15.40
2017-08-28,23.30,16.60,0.00,22.80
2017-08-29,20.60,17.00,5.20,22.70
2017-08-30,25.20,15.90,2.90,22.60
2017-08-31,27.00,17.00,0.00,20.10
2017-09-01,21.20,12.60,0.00,23.60
2017-09-02,19.20,12.30,10.80,15.10
2017-09-03,20.40,15.00,16.30,22.00
2017-09-04,27.10,15.20,0.00,22.40
2017-09-05,28.80,19.40,0.10,21.90
2017-09-06,20.60,17.10,20.60,21.00
2017-09-07,22.10,16.10,3.40,21.50
2017-09-08,21.60,13.40,0.10,19.10
2017-09-09,20.90,12.60,0.00,21.10
2017-09-10,21.20,13.10,0.00,18.40
2017-09-11,24.50,12.10,0.00,13.10
2017-09-12,25.90,14.10,0.00,12.30
2017-09-13,26.50,14.10,0.00,17.70
2017-09-14,25.50,18.70,1.30,18.80
2017-09-15,26.00,17.40,0.30,10.20
2017-09-16,25.90,19.00,0.70,13.40
2017-09-17,25.90,19.50,0.70,13.70
2017-09-18,24.20,19.10,0.30,18.10
2017-09-19,25.50,19.60,0.50,29.80
2017-09-20,25.40,19.90,0.00,28.80
2017-09-21,26.80,20.40,0.00,20.30
2017-09-22,26.10,18.30,0.00,24.60
2017-09-23,28.80,18.80,0.00,18.40
2017-09-24,31.50,19.10,0.00,11.60
2017-09-25,29.80,20.40,0.00,16.50
2017-09-26,27.60,20.00,0.00,15.70
2017-09-27,29.00,20.80,0.40,12.40
2017-09-28,24.90,16.10,0.00,26.50
2017-09-29,19.80,12.60,0.00,20.00
2017-09-30,17.40,12.40,0.50,28.00
2017-10-01,19.50,10.10,0.00,14.10
2017-10-02,21.20,10.80,0.00,13.70
2017-10-03,19.40,11.70,0.00,17.40
2017-10-04,24.50,11.10,0.00,19.90
2017-10-05,29.50,16.70,2.20,19.80
2017-10-06,27.50,17.00,0.20,14.50
2017-10-07,25.20,16.90,0.10,29.00
2017-10-08,25.10,21.40,5.80,24.50
2017-10-09,23.40,21.80,18.20,33.70
2017-10-10,26.20,17.00,0.00,18.70
2017-10-11,22.40,17.20,1.70,19.60
2017-10-12,16.90,13.90,1.60,25.40
2017-10-13,17.80,12.60,0.30,17.30
2017-10-14,22.30,16.10,0.60,12.80
2017-10-15,23.70,17.50,0.40,25.00
2017-10-16,20.70,9.40,3.00,26.20
2017-10-17,14.40,6.50,0.00,17.30
2017-10-18,21.10,8.50,0.00,13.50
2017-10-19,21.20,10.40,0.00,20.20
2017-10-20,21.90,13.20,0.00,20.00
2017-10-21,23.90,9.80,0.00,12.10
2017-10-22,21.40,10.60,0.00,13.40
2017-10-23,21.60,13.40,0.40,28.70
2017-10-24,23.40,17.60,25.10,39.50
2017-10-25,18.80,13.90,0.10,15.30
2017-10-26,14.20,10.10,3.60,24.90
2017-10-27,16.40,6.80,0.00,15.10
2017-10-28,19.60,9.10,0.00,27.70
2017-10-29,18.10,16.10,53.70,48.80
2017-10-30,17.00,8.80,3.40,37.80
2017-10-31,13.10,7.20,0.00,28.00
2017-11-01,15.60,4.80,0.00,16.90
2017-11-02,20.50,11.90,0.00,17.40
2017-11-03,23.20,11.40,0.00,24.70
2017-11-04,12.50,7.80,0.00,18.90
2017-11-05,16.20,11.20,2.10,18.80
2017-11-06,17.70,8.70,2.10,21.80
2017-11-07,10.00,4.70,10.40,25.10
2017-11-08,9.00,3.90,1.70,25.60
2017-11-09,11.40,4.40,0.00,15.50
2017-11-10,10.90,-3.40,0.00,33.30
2017-11-11,3.10,-3.80,0.00,20.60
2017-11-12,7.30,-1.00,0.00,8.90
2017-11-13,7.20,2.80,3.30,18.70
2017-11-14,8.10,1.60,0.00,17.00
2017-11-15,9.00,1.90,0.00,12.80
2017-11-16,13.10,6.70,4.00,29.30
2017-11-17,8.20,2.00,0.00,28.70
2017-11-18,9.90,0.20,3.10,19.10
2017-11-19,14.10,5.50,8.00,38.30
2017-11-20,8.10,1.40,0.00,28.80
2017-11-21,13.40,3.80,0.00,25.00
2017-11-22,10.80,2.20,4.30,29.60
2017-11-23,5.80,-0.90,0.00,18.60
2017-11-24,8.90,-0.90,0.00,13.00
2017-11-25,12.60,1.80,0.00,16.40
2017-11-26,9.10,2.40,0.00,25.30
2017-11-27,9.90,2.50,0.00,26.60
2017-11-28,10.90,-0.40,0.00,20.70
2017-11-29,15.80,4.60,0.00,24.20
2017-11-30,10.90,1.10,0.00,18.10
2017-12-01,10.90,2.90,0.60,18.30
2017-12-02,7.80,0.20,0.00,8.50
2017-12-03,10.20,1.60,0.00,6.80
2017-12-04,9.20,-0.30,0.00,15.30
2017-12-05,15.50,9.10,10.00,26.60
2017-12-06,13.40,4.10,1.50,31.10
2017-12-07,6.60,1.70,0.00,26.60
2017-12-08,3.20,-0.40,0.00,13.00
2017-12-09,1.60,-0.60,9.70,17.40
2017-12-10,2.60,-2.90,0.30,17.40
2017-12-11,5.20,-0.90,0.20,15.20
2017-12-12,9.60,-0.70,0.60,28.00
2017-12-13,-0.60,-6.70,0.00,38.60
2017-12-14,0.70,-4.90,1.80,24.60
2017-12-15,-2.20,-6.40,2.10,13.50
2017-12-16,4.90,-4.90,0.00,28.00
2017-12-17,2.20,-1.90,0.00,12.30
2017-12-18,8.20,-0.30,0.80,13.50
2017-12-19,11.80,3.80,0.00,28.50
2017-12-20,8.60,-0.10,0.00,25.60
2017-12-21,4.00,-1.80,0.00,13.00
2017-12-22,8.20,-1.50,0.00,13.20
2017-12-23,13.20,3.20,17.30,29.00
2017-12-24,5.20,0.90,1.00,25.30
2017-12-25,3.50,-3.00,5.90,41.50
2017-12-26,-2.20,-5.70,0.00,22.50
2017-12-27,-3.80,-7.60,0.00,19.30
2017-12-28,-7.10,-10.40,0.00,25.50
2017-12-29,-4.30,-10.70,0.00,19.20
2017-12-30,-3.50,-9.50,1.00,16.20
2017-12-31,-7.20,-12.50,0.00,25.90
2018-01-01,-6.50,-14.10,0.00,21.60
2018-01-02,-2.90,-11.40,0.00,19.90
2018-01-03,-2.20,-12.20,0.00,12.70
2018-01-04,-4.20,-7.10,20.10,52.40
2018-01-05,-8.00,-13.90,0.00,34.60
2018-01-06,-12.70,-15.60,0.00,27.60
2018-01-07,-9.80,-20.50,0.00,21.00
2018-01-08,-1.50,-10.20,1.00,21.30
2018-01-09,3.80,-4.70,0.00,20.60
2018-01-10,2.30,-10.90,0.00,14.00
2018-01-11,11.40,0.20,0.00,14.20
2018-01-12,14.60,7.40,28.90,35.30
2018-01-13,13.90,-7.20,8.80,29.70
2018-01-14,-3.50,-9.60,0.00,23.80
2018-01-15,-1.60,-9.10,0.00,20.20
2018-01-16,4.20,-4.40,0.00,12.70
2018-01-17,1.50,-5.90,6.50,21.00
2018-01-18,0.40,-8.50,0.00,25.50
2018-01-19,4.10,-5.60,0.00,18.10
2018-01-20,9.60,-0.80,0.00,25.70
2018-01-21,10.20,-1.20,0.00,10.80
2018-01-22,8.90,4.20,0.50,12.70
2018-01-23,13.90,4.40,7.50,35.10
2018-01-24,4.80,-2.80,0.00,26.40
2018-01-25,1.50,-5.70,0.00,24.50
2018-01-26,1.60,-6.70,0.00,13.20
2018-01-27,11.60,-1.90,0.00,27.00
2018-01-28,10.70,5.20,4.10,24.00
2018-01-29,6.70,1.80,0.50,23.20
2018-01-30,3.80,-4.60,2.00,27.30
2018-01-31,0.20,-7.90,0.00,25.70
2018-02-01,7.90,-1.50,0.10,16.70
2018-02-02,3.00,-8.40,5.40,33.00
2018-02-03,0.20,-8.80,0.00,21.70
2018-02-04,6.30,-3.00,17.30,19.50
2018-02-05,3.60,-5.70,1.50,32.70
2018-02-06,3.30,-6.30,0.00,10.20
2018-02-07,9.10,-3.50,25.00,26.60
2018-02-08,1.20,-4.90,0.10,25.00
2018-02-09,2.20,-6.90,0.10,20.10
2018-02-10,9.50,1.60,10.70,14.20
2018-02-11,15.40,4.40,34.30,30.10
2018-02-12,15.30,-0.10,0.50,25.00
2018-02-13,2.30,-4.60,0.00,20.10
2018-02-14,10.90,0.40,0.80,21.90
2018-02-15,15.90,5.40,7.30,20.30
2018-02-16,13.70,2.60,9.70,28.00
2018-02-17,3.40,-4.10,9.70,25.30
2018-02-18,5.90,-1.60,2.50,21.90
2018-02-19,9.20,-2.70,2.30,17.60
2018-02-20,19.00,8.10,0.30,21.40
2018-02-21,23.20,12.60,11.40,28.60
2018-02-22,11.90,2.70,7.40,21.50
2018-02-23,4.60,2.00,7.00,15.30
2018-02-24,12.00,4.70,3.20,18.70
2018-02-25,6.60,4.90,19.10,24.10
2018-02-26,11.40,3.20,0.00,16.60
2018-02-27,12.60,0.00,0.00,15.70
2018-02-28,14.90,2.10,0.00,20.30
2018-03-01,15.60,4.00,5.50,17.30
2018-03-02,6.80,2.00,49.70,51.00
2018-03-03,8.20,2.90,0.00,37.00
2018-03-04,6.90,0.00,0.00,30.10
2018-03-05,5.70,-1.60,0.00,30.80
2018-03-06,6.60,-2.00,0.20,18.50
2018-03-07,3.10,0.80,34.20,41.20
2018-03-08,4.60,-1.50,0.00,24.40
2018-03-09,5.70,-3.70,0.00,31.20
2018-03-10,5.10,-2.70,0.00,29.50
2018-03-11,6.60,-3.20,0.00,20.20
2018-03-12,6.40,-3.00,1.10,19.10
2018-03-13,5.40,-0.30,8.20,32.40
2018-03-14,5.10,-3.30,1.40,29.10
2018-03-15,7.30,-1.60,0.00,29.10
2018-03-16,3.50,-2.20,0.00,37.80
2018-03-17,9.50,-4.20,0.00,28.30
2018-03-18,5.50,-5.10,0.00,23.60
2018-03-19,7.30,-2.50,0.00,16.10
2018-03-20,2.40,-3.60,0.50,19.60
2018-03-21,2.70,0.30,24.10,27.70
2018-03-22,6.20,0.00,3.10,26.70
2018-03-23,6.80,-2.60,0.00,19.60
2018-03-24,9.10,-2.00,0.00,21.40
2018-03-25,7.40,-1.50,0.40,24.80
2018-03-26,8.20,-2.00,0.00,19.30
2018-03-27,5.60,-3.20,0.20,10.90
2018-03-28,9.10,2.70,3.70,12.40
2018-03-29,12.00,7.00,1.50,14.50
2018-03-30,16.70,5.90,3.90,25.10
2018-03-31,11.60,0.90,0.00,27.80
2018-04-01,14.20,4.00,0.00,26.10
2018-04-02,5.80,-1.00,12.90,18.10
2018-04-03,5.70,-2.30,8.50,16.30
2018-04-04,20.20,4.00,1.40,40.00
2018-04-05,7.90,-0.60,0.00,33.80
2018-04-06,14.30,-1.00,2.10,30.60
2018-04-07,8.80,3.20,0.10,23.00
2018-04-08,6.80,-1.30,0.00,26.50
2018-04-09,7.40,-2.10,0.00,23.70
2018-04-10,9.10,1.90,1.40,18.40
2018-04-11,8.80,-1.60,0.10,17.90
2018-04-12,13.60,3.90,0.30,26.90
2018-04-13,26.10,12.90,0.30,27.10
2018-04-14,24.50,8.40,0.00,25.90
2018-04-15,7.10,2.80,5.90,31.70
2018-04-16,16.10,3.50,45.70,50.20
2018-04-17,8.90,3.00,0.20,28.40
2018-04-18,12.50,0.90,0.00,23.80
2018-04-19,7.80,3.30,6.90,26.20
2018-04-20,11.30,0.70,0.00,27.30
2018-04-21,15.40,1.50,0.00,19.70
2018-04-22,17.30,2.20,0.00,20.90
2018-04-23,16.80,3.60,0.00,19.50
2018-04-24,15.30,5.60,2.20,23.70
2018-04-25,14.80,9.90,20.20,21.40
2018-04-26,20.60,10.20,1.20,24.20
2018-04-27,13.00,8.30,4.00,18.80
2018-04-28,18.00,6.90,3.00,22.70
2018-04-29,15.00,7.80,1.70,28.90
2018-04-30,10.40,5.80,1.00,31.90
2018-05-01,24.00,5.70,0.00,18.70
2018-05-02,28.30,12.40,0.00,23.70
2018-05-03,30.90,15.60,0.00,26.00
2018-05-04,28.30,15.90,0.00,30.10
2018-05-05,23.30,14.10,0.00,26.10
2018-05-06,17.80,12.60,0.80,23.20
2018-05-07,21.90,11.10,0.10,14.30
2018-05-08,20.50,9.60,0.00,15.10
2018-05-09,21.20,9.20,0.00,18.80
2018-05-10,19.20,10.20,2.00,22.90
2018-05-11,21.20,14.60,0.00,18.40
2018-05-12,16.70,10.80,8.20,19.30
2018-05-13,12.80,10.90,6.30,18.00
2018-05-14,18.90,10.90,5.10,16.10
2018-05-15,30.30,14.80,2.90,26.80
2018-05-16,18.10,14.10,11.30,17.40
2018-05-17,20.50,13.00,16.10,14.00
2018-05-18,17.00,12.60,0.00,28.00
2018-05-19,14.80,10.80,16.70,20.60
2018-05-20,27.10,15.10,2.60,27.20
2018-05-21,23.60,12.60,0.00,15.50
2018-05-22,19.60,13.00,4.60,16.60
2018-05-23,26.00,12.60,4.70,17.50
2018-05-24,26.00,16.10,0.00,18.10
2018-05-25,29.10,16.10,0.00,22.00
2018-05-26,30.00,19.60,3.90,20.00
2018-05-27,21.70,13.50,16.90,29.20
2018-05-28,20.50,13.20,0.00,17.40
2018-05-29,29.50,16.80,0.00,13.70
2018-05-30,22.90,14.60,0.00,19.60
2018-05-31,19.50,16.10,3.50,16.10
2018-06-01,25.90,17.50,7.60,12.10
2018-06-02,28.30,18.90,2.40,18.40
2018-06-03,19.80,12.00,10.10,24.50
2018-06-04,21.00,11.60,6.90,18.60
2018-06-05,22.60,12.30,0.40,26.30
2018-06-06,20.20,13.60,0.60,16.30
2018-06-07,19.00,13.90,0.20,19.10
2018-06-08,26.20,13.40,0.50,15.00
2018-06-09,26.10,17.40,0.50,14.10
2018-06-10,19.90,15.10,3.70,14.30
2018-06-11,20.50,13.80,1.70,19.00
2018-06-12,20.90,11.50,0.00,26.80
2018-06-13,23.80,15.60,2.00,20.50
2018-06-14,27.00,18.40,0.10,26.40
2018-06-15,25.00,15.40,0.00,22.00
2018-06-16,28.00,14.20,0.00,12.30
2018-06-17,29.70,16.20,0.00,18.70
2018-06-18,32.00,19.80,0.50,21.20
2018-06-19,30.70,20.70,4.00,21.80
2018-06-20,25.60,18.50,0.40,19.50
2018-06-21,28.40,19.90,9.00,17.00
2018-06-22,23.00,18.20,0.00,20.20
2018-06-23,21.90,15.80,11.00,18.30
2018-06-24,27.20,17.20,4.30,23.90
2018-06-25,26.40,17.60,0.00,24.90
2018-06-26,22.80,15.80,0.00,22.00
2018-06-27,22.90,16.80,6.50,25.80
2018-06-28,28.40,20.40,17.60,21.90
2018-06-29,31.70,19.80,0.00,15.80
2018-06-30,31.70,19.00,0.00,18.20
2018-07-01,33.20,22.10,0.00,13.60
2018-07-02,32.80,21.90,0.00,21.20
2018-07-03,31.40,23.20,0.60,13.00
2018-07-04,29.10,23.90,10.40,11.20
2018-07-05,29.40,23.50,0.10,22.00
2018-07-06,26.10,21.50,6.10,21.20
2018-07-07,24.20,16.70,0.00,21.50
2018-07-08,26.10,15.10,0.00,17.80
2018-07-09,28.90,16.90,0.00,23.90
2018-07-10,31.50,19.10,0.90,25.40
2018-07-11,28.90,20.50,1.40,18.70
2018-07-12,27.70,19.90,0.00,18.00
2018-07-13,26.60,18.30,0.00,22.30
2018-07-14,31.50,19.50,0.00,28.50
2018-07-15,28.80,20.50,10.70,15.50
2018-07-16,31.20,22.30,0.40,24.20
2018-07-17,30.40,23.00,37.90,20.50
2018-07-18,29.40,19.10,0.00,20.50
2018-07-19,26.50,17.80,0.00,15.50
2018-07-20,26.00,17.90,0.00,21.50
2018-07-21,24.50,18.50,11.60,29.20
2018-07-22,26.90,20.60,23.00,34.40
2018-07-23,25.90,22.40,15.10,27.40
2018-07-24,26.80,22.60,8.20,33.00
2018-07-25,24.20,22.00,25.60,24.50
2018-07-26,29.10,21.60,1.80,13.10
2018-07-27,29.10,20.90,4.00,19.90
2018-07-28,28.20,21.20,2.50,18.70
2018-07-29,27.90,19.80,0.00,14.60
2018-07-30,26.10,19.10,0.90,13.20
2018-07-31,25.70,19.40,0.00,16.40
2018-08-01,29.10,22.60,7.00,23.70
2018-08-02,28.60,23.50,5.90,19.90
2018-08-03,28.70,22.90,5.10,24.50
2018-08-04,30.00,22.10,29.60,15.80
2018-08-05,32.20,21.40,0.00,17.70
2018-08-06,32.70,22.60,0.00,14.50
2018-08-07,30.50,23.80,1.70,24.30
2018-08-08,30.40,22.50,7.10,15.00
2018-08-09,29.90,23.40,1.70,15.80
2018-08-10,30.20,20.20,0.20,15.70
2018-08-11,25.30,22.40,12.50,13.70
2018-08-12,26.50,21.70,9.90,16.50
2018-08-13,24.60,21.20,18.00,17.30
2018-08-14,26.60,19.50,3.40,23.70
2018-08-15,30.60,20.60,0.10,18.20
2018-08-16,32.00,22.00,0.00,15.20
2018-08-17,28.60,23.00,5.90,19.30
2018-08-18,29.00,21.60,13.20,20.90
2018-08-19,21.80,20.50,20.30,20.60
2018-08-20,23.50,18.10,1.20,18.20
2018-08-21,23.50,19.00,3.20,21.70
2018-08-22,28.10,21.70,11.30,19.20
2018-08-23,24.40,18.60,1.00,18.60
2018-08-24,27.20,15.70,0.00,18.00
2018-08-25,24.90,17.50,0.00,15.30
2018-08-26,28.50,17.10,0.20,17.70
2018-08-27,30.20,20.90,0.00,16.50
2018-08-28,34.20,23.50,0.00,16.80
2018-08-29,33.80,24.50,0.00,20.90
2018-08-30,31.00,24.60,0.20,16.30
2018-08-31,24.50,20.50,2.20,24.60
2018-09-01,24.80,19.50,2.20,19.80
2018-09-02,25.90,18.50,0.00,19.20
2018-09-03,30.30,22.90,0.20,16.60
2018-09-04,31.60,24.00,0.00,10.20
2018-09-05,29.40,24.00,0.00,18.90
2018-09-06,32.50,23.60,2.60,19.30
2018-09-07,24.80,20.70,6.00,16.20
2018-09-08,21.10,15.60,7.40,19.30
2018-09-09,17.00,13.40,20.10,21.50
2018-09-10,17.70,14.20,26.60,25.90
2018-09-11,25.00,17.50,11.10,17.70
2018-09-12,25.60,20.30,13.40,12.60
2018-09-13,24.90,20.80,38.50,17.20
2018-09-14,24.20,20.10,1.00,15.00
2018-09-15,24.80,18.40,0.20,10.00
2018-09-16,27.00,18.20,0.00,14.70
2018-09-17,24.50,19.40,4.30,19.40
2018-09-18,25.20,20.50,27.70,21.60
2018-09-19,27.10,19.00,0.80,17.30
2018-09-20,20.90,18.00,3.50,12.60
2018-09-21,23.50,19.50,0.00,24.90
2018-09-22,22.30,16.70,4.20,24.90
2018-09-23,18.60,15.00,3.10,13.40
2018-09-24,20.00,14.50,0.20,25.30
2018-09-25,21.70,14.20,52.90,30.70
2018-09-26,26.60,20.50,10.30,23.00
2018-09-27,21.60,15.20,4.00,23.70
2018-09-28,19.60,14.20,37.60,32.80
2018-09-29,22.50,13.80,0.00,14.60
2018-09-30,20.20,12.50,0.00,14.10
2018-10-01,25.10,15.40,0.40,20.70
2018-10-02,25.10,17.20,27.40,16.60
2018-10-03,24.50,17.20,0.10,19.90
2018-10-04,25.90,15.70,1.70,19.00
2018-10-05,20.50,14.20,0.00,21.60
2018-10-06,20.00,17.70,0.70,19.20
2018-10-07,26.60,19.20,0.10,17.60
2018-10-08,20.10,18.00,0.70,19.80
2018-10-09,25.20,19.30,0.60,16.10
2018-10-10,25.50,20.70,0.60,16.70
2018-10-11,25.50,20.90,11.80,29.80
2018-10-12,21.00,10.90,7.20,34.70
2018-10-13,13.80,8.80,3.70,22.10
2018-10-14,14.50,7.00,0.00,14.60
2018-10-15,20.10,9.50,6.10,28.70
2018-10-16,18.20,8.40,1.70,28.70
2018-10-17,16.40,7.80,0.10,31.70
2018-10-18,9.90,5.00,0.00,24.70
2018-10-19,14.70,4.30,0.40,21.00
2018-10-20,17.20,9.10,2.60,23.90
2018-10-21,9.70,4.20,0.40,34.60
2018-10-22,10.70,3.50,0.00,17.90
2018-10-23,17.00,6.80,0.20,20.20
2018-10-24,13.20,6.20,0.00,31.00
2018-10-25,10.60,4.00,0.00,19.60
2018-10-26,10.30,2.50,0.00,17.80
2018-10-27,11.80,6.30,44.80,37.70
2018-10-28,11.80,6.90,1.30,18.00
2018-10-29,13.90,8.00,2.10,24.50
2018-10-30,12.60,4.90,0.00,21.90
2018-10-31,17.30,4.90,0.00,22.30
2018-11-01,20.30,10.90,0.10,24.10
2018-11-02,21.20,17.00,9.00,30.80
2018-11-03,18.20,8.30,8.10,36.40
2018-11-04,11.60,4.30,0.00,10.50
2018-11-05,11.80,6.90,5.90,22.10
2018-11-06,16.90,9.50,14.00,26.90
2018-11-07,17.00,8.40,0.00,23.40
2018-11-08,12.90,6.30,0.00,18.30
2018-11-09,10.30,4.20,14.50,21.90
2018-11-10,10.20,1.30,1.10,34.10
2018-11-11,7.80,0.00,0.00,17.40
2018-11-12,8.70,0.20,0.10,12.00
2018-11-13,10.80,6.10,19.20,26.70
2018-11-14,5.80,0.40,0.00,28.00
2018-11-15,3.00,-1.30,21.10,35.00
2018-11-16,6.20,2.00,11.00,42.90
2018-11-17,8.60,0.90,0.00,21.00
2018-11-18,5.90,1.50,1.10,12.50
2018-11-19,11.70,2.80,0.00,10.30
2018-11-20,8.40,3.40,0.60,24.20
2018-11-21,7.70,-1.20,0.20,30.20
2018-11-22,-2.70,-7.10,0.00,28.40
2018-11-23,-0.50,-8.10,0.00,19.30
2018-11-24,8.10,-2.80,9.10,20.10
2018-11-25,12.60,4.40,28.10,35.00
2018-11-26,11.00,3.40,27.80,34.80
2018-11-27,7.40,2.90,1.60,32.80
2018-11-28,5.30,1.60,0.00,37.40
2018-11-29,6.60,2.80,0.00,31.70
2018-11-30,4.90,-0.20,1.80,12.00
2018-12-01,6.60,-1.00,2.80,10.80
2018-12-02,14.70,5.10,16.90,19.20
2018-12-03,12.90,6.70,0.00,26.80
2018-12-04,6.20,-1.40,0.00,24.10
2018-12-05,2.30,-4.00,0.00,16.00
2018-12-06,4.20,-3.00,0.00,22.50
2018-12-07,2.90,-4.40,0.00,23.20
2018-12-08,1.90,-4.90,0.00,19.80
2018-12-09,1.60,-4.30,0.00,11.80
2018-12-10,3.80,-3.70,0.00,17.80
2018-12-11,3.50,-4.00,0.00,18.80
2018-12-12,5.20,-1.80,0.00,17.10
2018-12-13,4.90,-1.70,1.00,21.90
2018-12-14,9.90,2.80,1.10,17.30
2018-12-15,9.60,5.90,4.80,22.90
2018-12-16,7.60,1.80,21.30,30.20
2018-12-17,7.80,2.00,1.60,30.00
2018-12-18,3.20,-2.80,0.00,29.30
2018-12-19,4.90,-4.80,0.00,14.50
2018-12-20,9.90,-2.30,6.90,17.80
2018-12-21,14.30,10.10,43.20,38.00
2018-12-22,10.50,4.10,3.00,33.00
2018-12-23,6.20,0.10,0.00,22.50
2018-12-24,6.90,0.80,2.40,19.80
2018-12-25,4.80,-1.40,0.00,19.80
2018-12-26,6.10,-2.80,0.00,19.00
2018-12-27,4.20,0.20,0.00,15.30
2018-12-28,13.40,4.80,28.70,27.70
2018-12-29,12.60,2.20,0.10,27.20
2018-12-30,5.40,-0.50,0.40,13.90
2018-12-31,7.20,-0.80,19.10,26.30
2019-01-01,14.50,4.40,7.50,35.60
2019-01-02,3.80,-0.30,0.00,16.00
2019-01-03,7.20,0.30,0.00,25.70
2019-01-04,8.10,-1.10,0.00,20.40
2019-01-05,6.80,3.90,20.00,23.80
2019-01-06,9.10,0.30,0.20,31.30
2019-01-07,0.40,-5.20,0.20,19.10
2019-01-08,8.10,0.20,0.30,15.40
2019-01-09,7.10,0.90,3.00,35.30
2019-01-10,0.90,-2.00,0.00,36.70
2019-01-11,-1.10,-5.70,0.00,28.30
2019-01-12,2.30,-6.30,0.00,11.80
2019-01-13,0.20,-3.90,0.80,16.90
2019-01-14,1.10,-6.10,0.00,21.50
2019-01-15,3.70,-4.80,0.00,10.40
2019-01-16,4.60,-4.20,0.00,22.80
2019-01-17,0.20,-5.30,0.00,18.60
2019-01-18,3.50,-1.80,1.50,11.90
2019-01-19,3.30,-3.00,3.00,20.40
2019-01-20,9.60,-10.60,30.90,33.80
2019-01-21,-11.10,-15.80,0.00,35.90
2019-01-22,-1.70,-11.40,0.00,21.80
2019-01-23,7.60,-2.90,0.00,22.90
2019-01-24,12.50,1.40,33.10,44.40
2019-01-25,3.00,-3.30,0.00,35.00
2019-01-26,1.20,-6.40,0.00,13.40
2019-01-27,9.30,-2.80,0.00,29.20
2019-01-28,2.20,-5.40,0.00,19.10
2019-01-29,4.40,-6.10,5.10,23.40
2019-01-30,0.60,-14.00,0.60,39.80
2019-01-31,-8.30,-16.50,0.00,25.40
2019-02-01,-4.90,-11.80,0.00,13.50
2019-02-02,2.30,-9.50,0.00,23.80
2019-02-03,10.10,-3.70,0.00,18.30
2019-02-04,11.70,-2.00,0.00,14.40
2019-02-05,17.70,0.40,0.00,13.80
2019-02-06,6.90,-1.10,6.50,17.70
2019-02-07,7.90,2.50,7.00,16.90
2019-02-08,11.10,0.20,8.30,33.80
2019-02-09,0.80,-5.00,0.00,32.80
2019-02-10,3.00,-6.30,0.00,13.40
2019-02-11,3.00,-1.90,0.40,11.00
2019-02-12,0.80,-3.00,16.90,25.40
2019-02-13,5.80,-1.40,2.70,34.00
2019-02-14,7.20,-2.80,0.00,19.50
2019-02-15,13.20,3.10,0.20,25.00
2019-02-16,8.20,-1.80,0.00,23.80
2019-02-17,2.00,-5.30,0.50,15.50
2019-02-18,6.90,-2.90,4.90,30.50
2019-02-19,2.60,-5.40,0.00,19.60
2019-02-20,-0.70,-4.00,9.80,16.10
2019-02-21,11.60,-0.50,8.90,19.80
2019-02-22,7.20,0.60,0.00,18.20
2019-02-23,4.40,-2.30,1.10,12.90
2019-02-24,9.80,2.00,20.90,40.10
2019-02-25,5.60,-2.00,0.00,45.70
2019-02-26,3.50,-4.70,0.00,28.00
2019-02-27,-1.70,-5.30,0.40,19.10
2019-02-28,2.80,-3.70,0.30,27.70
2019-03-01,2.80,-3.50,2.00,13.30
2019-03-02,3.30,-0.90,10.40,19.90
2019-03-03,5.40,-1.20,8.60,14.40
2019-03-04,2.20,-4.80,17.90,22.20
2019-03-05,-1.50,-15.20,0.00,15.80
2019-03-06,-2.90,-9.70,0.00,27.30
2019-03-07,0.80,-9.10,0.20,27.20
2019-03-08,2.40,-7.10,0.00,15.00
2019-03-09,7.90,-4.20,0.00,13.80
2019-03-10,9.10,1.20,14.70,24.90
2019-03-11,11.00,2.20,0.00,26.40
2019-03-12,5.20,-1.30,0.00,26.20
2019-03-13,6.20,-4.60,0.00,19.10
2019-03-14,10.90,1.00,0.00,22.50
2019-03-15,22.00,9.80,19.60,31.60
2019-03-16,12.90,3.20,0.00,31.60
2019-03-17,5.90,-1.90,0.00,21.50
2019-03-18,7.20,-3.80,0.00,15.70
2019-03-19,8.40,-3.30,0.00,15.10
2019-03-20,9.50,-1.80,0.00,26.60
2019-03-21,8.90,2.90,14.70,24.30
2019-03-22,9.40,3.90,18.10,39.00
2019-03-23,8.80,-0.10,0.40,34.50
2019-03-24,13.60,-1.60,0.00,21.60
2019-03-25,9.90,5.40,1.20,16.30
2019-03-26,8.10,-2.30,0.00,22.90
2019-03-27,6.00,-2.40,0.00,16.20
2019-03-28,8.90,-2.20,0.00,26.90
2019-03-29,12.90,5.30,0.60,14.60
2019-03-30,16.20,6.70,0.00,32.10
2019-03-31,17.90,4.50,4.30,24.10
2019-04-01,7.70,-0.90,0.00,32.30
2019-04-02,8.60,-1.30,0.90,25.00
2019-04-03,17.00,2.30,0.80,38.60
2019-04-04,14.30,2.20,0.00,28.20
2019-04-05,5.60,1.80,6.90,18.00
2019-04-06,19.60,3.80,0.40,14.80
2019-04-07,15.80,4.60,0.00,19.40
2019-04-08,24.80,9.90,10.00,25.20
2019-04-09,11.10,6.40,0.80,21.50
2019-04-10,14.40,4.90,0.00,26.00
2019-04-11,10.10,2.80,0.00,14.90
2019-04-12,19.00,6.50,12.30,32.40
2019-04-13,23.00,14.50,12.60,21.30
2019-04-14,18.50,11.80,2.60,24.20
2019-04-15,19.00,7.30,17.20,39.60
2019-04-16,17.40,5.00,0.00,29.00
2019-04-17,14.40,7.90,0.60,21.90
2019-04-18,16.40,8.70,1.70,24.60
2019-04-19,24.20,15.30,6.10,33.50
2019-04-20,17.60,12.20,10.70,33.50
2019-04-21,16.70,9.80,0.10,20.90
2019-04-22,17.20,9.60,7.40,23.60
2019-04-23,23.00,10.10,0.20,23.80
2019-04-24,19.80,11.60,0.20,22.30
2019-04-25,15.60,7.70,2.30,17.00
2019-04-26,16.60,10.40,16.60,28.00
2019-04-27,12.70,7.80,2.90,40.40
2019-04-28,11.20,5.90,1.70,21.00
2019-04-29,12.90,3.40,0.10,19.70
2019-04-30,19.50,8.80,3.70,12.90
2019-05-01,12.30,9.00,1.60,20.20
2019-05-02,23.00,10.20,5.70,19.40
2019-05-03,13.60,9.60,0.60,12.70
2019-05-04,20.00,11.10,11.60,10.90
2019-05-05,13.60,11.10,36.00,24.60
2019-05-06,21.00,9.70,0.90,20.90
2019-05-07,18.50,10.20,4.40,20.00
2019-05-08,19.70,10.60,1.00,17.50
2019-05-09,14.60,9.60,0.00,23.30
2019-05-10,23.00,11.90,2.00,22.40
2019-05-11,19.70,11.40,4.50,20.70
2019-05-12,12.60,7.20,29.20,31.00
2019-05-13,11.20,7.20,20.50,20.40
2019-05-14,12.20,7.20,4.00,15.00
2019-05-15,19.90,6.20,0.40,23.40
2019-05-16,21.00,9.60,0.40,15.20
2019-05-17,24.80,12.00,0.90,18.00
2019-05-18,23.10,11.60,0.00,17.10
2019-05-19,23.40,12.20,0.70,27.40
2019-05-20,28.40,19.20,1.80,26.50
2019-05-21,20.10,12.60,0.00,27.80
2019-05-22,22.50,10.40,0.00,18.90
2019-05-23,25.40,14.60,2.10,23.50
2019-05-24,23.50,15.80,0.00,34.70
2019-05-25,19.40,12.20,0.00,29.10
2019-05-26,29.70,15.20,2.00,21.30
2019-05-27,25.80,16.00,0.00,17.10
2019-05-28,21.60,16.10,6.50,30.80
2019-05-29,20.70,13.70,2.70,21.00
2019-05-30,19.90,13.20,14.10,17.80
2019-05-31,25.60,17.50,0.50,14.80
2019-06-01,25.70,15.90,0.00,19.50
2019-06-02,26.30,16.90,2.10,20.60
2019-06-03,20.50,13.40,0.00,27.00
2019-06-04,21.40,11.10,0.00,20.00
2019-06-05,26.20,16.50,3.90,23.40
2019-06-06,27.40,19.90,15.80,21.10
2019-06-07,25.50,17.40,0.00,16.80
2019-06-08,26.00,15.60,0.00,21.70
2019-06-09,23.40,13.60,0.00,24.90
2019-06-10,20.40,13.60,15.40,25.20
2019-06-11,23.50,16.60,8.70,29.20
2019-06-12,22.20,12.70,0.00,23.00
2019-06-13,19.50,15.10,22.80,32.80
2019-06-14,22.60,14.30,0.70,28.70
2019-06-15,27.00,12.60,0.00,24.70
2019-06-16,26.90,17.50,3.20,20.90
2019-06-17,23.70,19.50,5.20,12.30
2019-06-18,24.90,19.20,10.90,14.80
2019-06-19,21.10,17.90,11.70,16.90
2019-06-20,26.30,19.20,10.90,15.40
2019-06-21,24.20,18.80,15.90,26.40
2019-06-22,24.30,15.90,0.00,24.30
2019-06-23,27.00,15.40,0.00,18.30
2019-06-24,28.50,16.00,0.00,13.80
2019-06-25,27.60,20.50,9.00,11.80
2019-06-26,30.40,20.50,0.20,18.40
2019-06-27,30.50,19.90,0.00,17.40
2019-06-28,30.00,19.60,0.30,13.60
2019-06-29,31.20,21.80,1.40,19.30
2019-06-30,27.20,21.30,0.00,29.00
2019-07-01,29.50,17.40,0.00,17.70
2019-07-02,29.90,18.70,0.40,17.50
2019-07-03,28.90,22.40,0.70,10.10
2019-07-04,30.00,21.50,0.00,17.70
2019-07-05,27.30,20.40,0.40,20.90
2019-07-06,30.30,24.00,8.50,18.80
2019-07-07,27.90,22.30,2.30,18.70
2019-07-08,24.60,20.60,11.20,9.40
2019-07-09,31.40,19.50,0.00,12.10
2019-07-10,31.20,20.80,0.00,22.30
2019-07-11,28.30,21.80,8.60,25.20
2019-07-12,30.20,22.40,3.00,24.00
2019-07-13,30.40,20.00,0.00,17.20
2019-07-14,31.00,21.90,0.00,22.60
2019-07-15,30.50,19.00,0.00,13.90
2019-07-16,33.20,20.20,0.10,21.30
2019-07-17,32.80,23.70,17.10,16.30
2019-07-18,28.50,22.00,11.40,18.00
2019-07-19,33.20,21.80,0.10,15.80
2019-07-20,35.20,25.50,0.70,19.30
2019-07-21,34.40,25.30,0.10,20.40
2019-07-22,29.80,24.00,27.50,21.20
2019-07-23,24.20,20.10,24.10,18.40
2019-07-24,26.60,20.20,1.20,12.40
2019-07-25,28.50,20.20,0.00,11.20
2019-07-26,28.40,18.80,0.00,13.30
2019-07-27,28.20,20.70,0.00,17.90
2019-07-28,31.80,21.60,0.00,18.10
2019-07-29,32.00,21.50,0.70,17.70
2019-07-30,31.90,23.40,0.40,19.90
2019-07-31,30.00,22.50,12.00,14.70
2019-08-01,29.50,22.10,0.00,10.50
2019-08-02,28.70,22.40,0.10,16.90
2019-08-03,27.90,20.90,1.70,18.10
2019-08-04,30.80,21.40,2.00,9.10
2019-08-05,27.20,20.60,0.00,15.60
2019-08-06,26.50,21.20,1.00,16.10
2019-08-07,28.40,21.20,17.40,19.20
2019-08-08,29.40,19.10,1.00,21.30
2019-08-09,28.90,20.30,0.30,17.30
2019-08-10,27.30,18.50,0.00,22.30
2019-08-11,27.60,15.90,0.00,15.10
2019-08-12,29.80,16.80,0.00,25.60
2019-08-13,25.30,21.60,8.00,13.80
2019-08-14,25.60,20.90,10.10,11.20
2019-08-15,26.90,20.70,1.10,17.10
2019-08-16,25.80,19.90,0.90,15.30
2019-08-17,27.80,21.40,2.80,13.40
2019-08-18,27.90,22.20,13.50,13.80
2019-08-19,31.50,22.50,1.90,14.20
2019-08-20,29.00,22.30,0.00,14.90
2019-08-21,30.90,23.40,7.50,25.80
2019-08-22,31.80,22.90,5.30,16.60
2019-08-23,23.50,18.50,16.80,18.50
2019-08-24,23.90,17.00,0.00,16.60
2019-08-25,23.70,17.70,0.00,23.70
2019-08-26,23.10,14.90,0.00,17.60
2019-08-27,21.50,16.50,0.00,13.00
2019-08-28,23.40,18.00,11.30,14.30
2019-08-29,27.50,18.00,0.00,21.10
2019-08-30,30.60,15.80,0.00,20.90
2019-08-31,27.50,19.10,0.00,15.20
2019-09-01,24.50,17.40,0.00,20.40
2019-09-02,25.30,20.10,8.40,17.50
2019-09-03,26.30,18.00,0.00,13.60
2019-09-04,31.10,18.20,1.80,27.20
2019-09-05,24.00,17.10,0.00,20.50
2019-09-06,20.30,15.80,1.70,29.50
2019-09-07,24.20,13.70,8.10,22.30
2019-09-08,25.90,15.20,0.00,15.90
2019-09-09,24.10,16.50,1.50,13.90
2019-09-10,23.80,17.80,0.60,21.60
2019-09-11,31.90,19.20,0.10,22.40
2019-09-12,25.90,17.10,7.80,20.20
2019-09-13,19.80,14.40,0.00,20.70
2019-09-14,23.50,16.50,0.00,26.90
2019-09-15,27.20,19.40,0.50,9.00
2019-09-16,24.70,19.20,0.80,11.50
2019-09-17,23.30,15.40,0.00,17.90
2019-09-18,20.00,12.80,0.30,16.40
2019-09-19,20.10,10.70,0.00,9.80
2019-09-20,25.00,11.00,0.00,13.00
2019-09-21,27.10,14.10,0.00,10.10
2019-09-22,27.50,15.10,0.00,20.50
2019-09-23,31.00,20.90,0.10,20.70
2019-09-24,25.00,16.10,0.70,25.00
2019-09-25,25.10,13.00,0.00,20.10
2019-09-26,28.00,15.40,0.70,19.00
2019-09-27,22.00,12.70,0.00,15.50
2019-09-28,27.10,16.40,0.00,19.90
2019-09-29,24.50,17.00,0.00,18.60
2019-09-30,20.40,15.80,0.20,17.40
2019-10-01,27.90,16.50,0.30,20.40
2019-10-02,32.20,17.70,2.30,26.00
2019-10-03,16.10,12.90,10.00,23.70
2019-10-04,18.50,10.60,0.60,30.20
2019-10-05,14.40,7.50,0.00,17.00
2019-10-06,21.10,13.10,2.10,23.80
2019-10-07,25.30,15.70,4.60,29.90
2019-10-08,18.50,14.40,2.10,20.50
2019-10-09,14.40,11.60,13.30,23.90
2019-10-10,20.20,11.20,0.60,25.90
2019-10-11,17.10,11.80,0.00,28.00
2019-10-12,20.00,11.10,0.00,19.00
2019-10-13,17.70,10.40,0.10,15.10
2019-10-14,22.30,11.90,0.20,17.60
2019-10-15,16.60,9.10,0.00,14.90
2019-10-16,18.60,11.90,28.70,49.90
2019-10-17,13.80,10.00,0.50,44.10
2019-10-18,14.90,8.00,0.00,28.30
2019-10-19,15.40,5.30,0.00,10.60
2019-10-20,15.30,6.70,10.80,16.80
2019-10-21,18.60,9.60,2.30,18.70
2019-10-22,16.70,11.10,6.80,27.50
2019-10-23,17.90,11.10,4.10,22.50
2019-10-24,17.90,6.80,0.00,18.70
2019-10-25,16.90,8.40,0.00,12.70
2019-10-26,16.50,10.00,0.10,13.10
2019-10-27,20.80,12.90,29.20,34.20
2019-10-28,17.60,10.90,0.00,17.10
2019-10-29,16.00,12.30,2.10,13.80
2019-10-30,18.50,13.00,0.80,11.60
2019-10-31,20.90,15.60,22.20,39.70
2019-11-01,21.00,6.80,5.70,46.00
2019-11-02,10.50,3.30,0.00,11.30
2019-11-03,11.10,4.50,0.00,18.40
2019-11-04,12.80,2.80,0.00,20.10
2019-11-05,15.20,7.10,0.60,15.10
2019-11-06,11.60,5.60,0.00,15.30
2019-11-07,13.90,5.30,4.00,21.10
2019-11-08,5.10,-0.70,0.10,31.90
2019-11-09,4.70,-3.40,0.00,14.00
2019-11-10,11.00,0.10,0.00,15.30
2019-11-11,14.00,4.00,0.00,12.80
2019-11-12,12.10,-2.70,3.80,26.30
2019-11-13,1.10,-4.80,0.00,26.00
2019-11-14,6.10,-3.00,0.00,14.30
2019-11-15,10.30,-1.00,0.00,20.30
2019-11-16,4.40,-1.10,0.00,28.20
2019-11-17,4.30,-2.50,0.00,26.70
2019-11-18,5.00,2.60,8.80,21.00
2019-11-19,11.10,3.70,4.10,12.40
2019-11-20,8.40,3.20,0.00,18.80
2019-11-21,10.90,1.60,0.00,17.10
2019-11-22,11.50,3.30,3.00,28.70
2019-11-23,7.00,-0.60,1.20,15.00
2019-11-24,7.40,3.60,23.60,28.40
2019-11-25,10.80,1.90,0.00,19.30
2019-11-26,13.80,1.50,0.00,11.50
2019-11-27,14.20,2.90,1.10,25.00
2019-11-28,11.60,2.40,0.00,37.50
2019-11-29,5.40,-1.40,0.00,27.50
2019-11-30,6.10,-1.90,0.00,16.20
2019-12-01,3.60,-2.80,17.20,34.80
2019-12-02,2.90,0.10,15.00,31.50
2019-12-03,3.30,-1.80,2.50,27.70
2019-12-04,4.60,-2.30,0.00,15.00
2019-12-05,5.30,0.30,0.00,31.40
2019-12-06,8.90,-2.00,0.00,26.70
2019-12-07,2.80,-2.80,0.00,22.80
2019-12-08,4.60,-4.70,0.00,18.40
2019-12-09,11.30,4.20,21.40,28.00
2019-12-10,13.60,6.30,8.80,28.30
2019-12-11,5.30,-0.20,8.40,23.20
2019-12-12,1.40,-3.80,0.00,21.90
2019-12-13,9.90,-0.90,14.60,15.60
2019-12-14,13.10,7.30,22.10,28.00
2019-12-15,8.50,1.50,0.00,32.40
2019-12-16,2.20,-0.60,1.30,13.00
2019-12-17,0.90,-0.60,25.10,21.70
2019-12-18,3.50,-4.30,0.30,30.80
2019-12-19,-2.80,-8.80,0.00,34.20
2019-12-20,1.50,-5.70,0.00,17.60
2019-12-21,0.40,-5.70,0.00,14.80
2019-12-22,8.60,-4.10,0.00,18.10
2019-12-23,11.50,-0.60,0.00,17.60
2019-12-24,7.40,0.10,0.00,21.40
2019-12-25,6.10,-3.30,0.00,10.00
2019-12-26,7.10,-1.60,0.30,12.00
2019-12-27,9.90,5.60,0.10,16.20
2019-12-28,8.90,1.50,0.00,18.80
2019-12-29,5.60,-0.30,4.80,12.50
2019-12-30,5.40,3.20,22.70,28.30
2019-12-31,6.70,2.20,0.20,23.50
2020-01-01,4.40,-0.50,0.00,28.20
2020-01-02,9.00,-2.20,0.00,17.30
2020-01-03,9.40,2.30,4.00,12.40
2020-01-04,10.10,5.70,6.20,24.90
2020-01-05,5.20,-1.40,0.90,37.10
2020-01-06,7.80,-0.40,1.30,25.90
2020-01-07,6.10,-0.60,0.80,18.90
2020-01-08,5.10,-1.50,0.10,33.10
2020-01-09,0.60,-4.90,0.00,23.20
2020-01-10,11.20,-1.00,0.00,24.80
2020-01-11,18.40,7.90,0.20,34.20
2020-01-12,18.90,6.80,2.70,45.60
2020-01-13,8.90,1.20,0.20,18.40
2020-01-14,6.80,1.00,0.30,15.30
2020-01-15,9.40,3.00,0.10,16.10
2020-01-16,8.70,1.40,1.80,38.80
2020-01-17,0.90,-5.30,0.00,34.90
2020-01-18,2.50,-6.20,8.40,24.20
2020-01-19,7.20,-1.10,1.50,28.70
2020-01-20,-0.80,-7.10,0.00,26.10
2020-01-21,1.20,-6.60,0.00,17.40
2020-01-22,3.00,-5.30,0.00,9.40
2020-01-23,7.10,-4.30,0.00,9.90
2020-01-24,9.60,-2.70,0.00,12.70
2020-01-25,9.80,0.90,25.50,34.20
2020-01-26,7.90,0.90,0.00,22.70
2020-01-27,7.30,-0.30,0.00,22.30
2020-01-28,5.50,-0.30,0.00,22.40
2020-01-29,4.40,-2.30,0.00,19.00
2020-01-30,1.40,-5.40,0.00,16.30
2020-01-31,6.40,-2.70,1.00,11.90
2020-02-01,5.70,-0.80,0.40,6.60
2020-02-02,6.20,0.50,3.20,20.30
2020-02-03,12.50,0.20,0.50,18.50
2020-02-04,13.20,2.80,2.30,17.60
2020-02-05,9.10,3.50,0.80,21.30
2020-02-06,6.60,2.20,16.10,19.10
2020-02-07,14.10,1.00,10.20,46.60
2020-02-08,4.90,-2.30,0.00,26.20
2020-02-09,6.70,-2.10,0.00,13.20
2020-02-10,8.90,2.80,9.80,25.50
2020-02-11,7.70,4.90,9.10,16.30
2020-02-12,7.30,0.90,0.30,23.30
2020-02-13,6.60,2.30,19.60,21.40
2020-02-14,3.00,-6.80,0.00,27.20
2020-02-15,-1.50,-9.10,0.00,20.90
2020-02-16,7.80,-3.10,0.00,16.80
2020-02-17,9.90,-1.10,0.00,15.30
2020-02-18,9.40,0.60,1.30,17.70
2020-02-19,8.10,-0.40,0.00,24.70
2020-02-20,3.30,-3.20,0.00,19.40
2020-02-21,1.90,-6.30,0.00,19.40
2020-02-22,8.90,-3.50,0.00,22.00
2020-02-23,11.90,-2.70,0.00,18.20
2020-02-24,12.90,-1.20,0.00,14.80
2020-02-25,10.10,4.60,2.70,11.80
2020-02-26,10.40,5.40,0.10,20.90
2020-02-27,8.60,-0.90,12.10,39.90
2020-02-28,5.00,-2.60,0.00,34.80
2020-02-29,2.60,-3.80,0.00,30.50
2020-03-01,6.90,-4.60,0.00,22.70
2020-03-02,13.60,-1.40,0.00,29.20
2020-03-03,13.60,6.60,6.60,25.50
2020-03-04,13.20,5.20,3.30,34.30
2020-03-05,10.60,1.40,0.00,19.70
2020-03-06,7.20,0.30,4.20,21.40
2020-03-07,8.40,1.10,0.50,28.00
2020-03-08,13.90,-2.30,0.00,21.30
2020-03-09,20.20,3.70,0.00,21.40
2020-03-10,15.90,8.60,0.30,28.00
2020-03-11,12.60,2.80,0.00,26.40
2020-03-12,9.10,1.90,0.70,18.40
2020-03-13,19.80,7.10,10.60,35.30
2020-03-14,12.60,4.00,0.10,22.70
2020-03-15,11.40,2.50,0.30,13.60
2020-03-16,6.70,-1.70,0.00,22.30
2020-03-17,12.20,3.80,6.20,19.10
2020-03-18,10.10,0.80,0.00,18.70
2020-03-19,12.60,4.80,17.90,20.90
2020-03-20,23.70,7.00,3.80,36.70
2020-03-21,17.20,4.30,0.00,26.40
2020-03-22,6.10,-0.40,0.00,21.90
2020-03-23,5.40,2.20,29.60,27.60
2020-03-24,14.10,0.80,0.00,21.20
2020-03-25,7.90,3.00,0.50,26.70
2020-03-26,13.90,0.60,0.00,21.30
2020-03-27,18.20,7.70,0.20,16.70
2020-03-28,10.10,5.70,15.40,17.60
2020-03-29,11.80,7.00,3.40,23.70
2020-03-30,11.90,4.20,5.00,13.80
2020-03-31,8.60,4.60,2.10,17.40
2020-04-01,12.60,2.60,0.00,19.10
2020-04-02,13.60,2.70,0.00,34.50
2020-04-03,10.40,5.90,9.20,29.80
2020-04-04,14.60,7.20,0.70,19.70
2020-04-05,16.00,5.70,0.00,17.60
2020-04-06,17.50,7.60,1.40,17.40
2020-04-07,17.20,7.40,0.30,22.40
2020-04-08,19.00,8.60,5.60,18.20
2020-04-09,16.50,6.70,9.60,33.60
2020-04-10,9.30,3.50,1.40,39.10
2020-04-11,11.40,2.30,0.00,28.70
2020-04-12,15.60,2.30,0.00,28.80
2020-04-13,18.90,12.30,41.50,50.90
2020-04-14,13.50,6.30,0.00,23.60
2020-04-15,11.00,4.60,1.50,25.20
2020-04-16,9.10,3.50,0.20,27.90
2020-04-17,10.40,-0.40,1.70,21.10
2020-04-18,8.80,4.00,8.10,26.10
2020-04-19,15.60,1.60,0.00,31.60
2020-04-20,12.00,6.10,0.00,21.50
2020-04-21,15.60,4.90,6.90,27.80
2020-04-22,9.60,0.90,0.00,31.70
2020-04-23,9.90,1.00,0.30,15.10
2020-04-24,9.10,4.90,15.60,25.70
2020-04-25,16.80,3.00,0.00,18.10
2020-04-26,9.60,6.20,8.80,36.70
2020-04-27,8.40,4.50,1.40,27.00
2020-04-28,17.70,2.40,0.00,22.40
2020-04-29,13.80,4.20,1.50,25.80
2020-04-30,15.60,9.50,24.60,43.50
2020-05-01,18.60,11.20,10.80,21.10
2020-05-02,21.60,9.10,0.00,26.70
2020-05-03,24.70,11.20,4.70,19.00
2020-05-04,20.20,9.30,0.50,31.60
2020-05-05,15.10,6.80,0.00,21.40
2020-05-06,11.70,6.60,3.40,19.30
2020-05-07,17.10,5.60,0.00,23.10
2020-05-08,11.10,5.60,9.50,13.80
2020-05-09,8.20,0.70,2.40,36.70
2020-05-10,16.10,2.70,0.00,30.50
2020-05-11,15.10,5.90,2.50,25.60
2020-05-12,14.90,5.00,0.00,30.50
2020-05-13,15.90,2.70,0.00,25.10
2020-05-14,16.40,3.80,0.00,18.70
2020-05-15,27.90,12.60,3.80,23.50
2020-05-16,23.50,15.50,1.20,23.10
2020-05-17,16.60,10.40,0.00,18.40
2020-05-18,20.50,10.40,0.00,20.20
2020-05-19,18.40,10.60,0.00,32.00
2020-05-20,17.40,8.10,0.00,20.90
2020-05-21,16.10,6.10,0.00,16.70
2020-05-22,22.20,11.60,3.10,19.40
2020-05-23,20.40,12.20,12.10,27.90
2020-05-24,19.00,10.20,0.00,19.10
2020-05-25,20.00,12.60,0.00,12.20
2020-05-26,22.00,12.90,0.00,15.30
2020-05-27,22.40,14.80,0.00,19.70
2020-05-28,23.00,15.90,0.90,27.40
2020-05-29,26.00,18.00,1.00,20.30
2020-05-30,26.20,20.00,4.60,19.40
2020-05-31,20.60,12.80,0.00,29.70
2020-06-01,19.80,9.20,0.30,22.60
2020-06-02,21.70,12.20,0.00,23.40
2020-06-03,28.90,15.10,8.30,21.70
2020-06-04,29.20,17.20,0.00,21.80
2020-06-05,24.40,20.40,22.70,16.60
2020-06-06,29.50,20.60,4.10,23.70
2020-06-07,24.70,16.00,0.00,28.00
2020-06-08,25.50,13.80,0.00,16.60
2020-06-09,30.50,14.40,0.00,18.00
2020-06-10,27.00,19.40,0.00,26.90
2020-06-11,28.50,22.50,21.70,26.20
2020-06-12,28.60,19.10,0.00,19.30
2020-06-13,22.90,15.00,0.00,23.60
2020-06-14,22.20,12.20,0.00,21.00
2020-06-15,22.90,14.60,0.00,18.40
2020-06-16,24.30,14.10,0.00,21.80
2020-06-17,24.70,14.60,0.00,18.50
2020-06-18,23.60,17.70,2.00,15.70
2020-06-19,25.00,18.80,0.80,17.50
2020-06-20,27.20,18.70,0.60,18.20
2020-06-21,27.70,19.40,0.20,18.70
2020-06-22,30.60,20.50,0.00,21.60
2020-06-23,28.00,20.50,0.00,25.40
2020-06-24,30.20,21.60,0.10,23.70
2020-06-25,28.80,18.50,0.00,23.30
2020-06-26,30.50,18.60,0.10,14.60
2020-06-27,26.60,18.50,5.90,24.30
2020-06-28,29.00,20.10,2.50,17.30
2020-06-29,29.20,20.20,0.70,18.70
2020-06-30,25.60,19.20,11.30,14.00
2020-07-01,26.80,19.80,7.20,11.60
2020-07-02,31.90,20.00,0.00,13.70
2020-07-03,31.80,22.10,13.50,12.30
2020-07-04,29.00,20.80,5.60,18.20
2020-07-05,32.60,21.70,0.10,22.30
2020-07-06,32.80,21.00,0.40,18.20
2020-07-07,26.90,22.30,1.90,21.90
2020-07-08,28.40,22.90,1.10,20.20
2020-07-09,29.90,22.00,0.00,20.60
2020-07-10,24.50,22.60,37.70,38.50
2020-07-11,28.40,22.50,9.50,32.20
2020-07-12,31.10,21.00,0.00,21.40
2020-07-13,31.30,21.50,1.20,17.90
2020-07-14,28.40,20.10,0.10,15.00
2020-07-15,25.50,20.40,0.70,18.50
2020-07-16,24.20,20.60,0.00,22.50
2020-07-17,29.50,20.40,4.40,16.10
2020-07-18,32.80,21.00,0.00,17.60
2020-07-19,33.90,22.00,0.00,29.40
2020-07-20,36.00,25.70,0.00,20.20
2020-07-21,31.90,22.10,0.00,21.50
2020-07-22,31.90,23.80,3.40,21.40
2020-07-23,31.20,23.20,8.50,18.90
2020-07-24,26.00,22.70,22.10,19.20
2020-07-25,30.00,21.30,0.00,15.00
2020-07-26,34.30,23.10,0.00,22.40
2020-07-27,35.60,21.70,0.00,19.80
2020-07-28,34.30,25.20,1.80,20.10
2020-07-29,31.40,23.00,0.00,18.40
2020-07-30,32.70,23.00,0.00,12.90
2020-07-31,27.20,22.20,13.60,10.60
2020-08-01,29.60,20.00,0.00,20.50
2020-08-02,29.10,23.50,4.40,20.50
2020-08-03,31.70,23.80,2.30,20.80
2020-08-04,26.80,23.20,21.10,60.40
2020-08-05,30.80,21.80,0.00,19.50
2020-08-06,25.50,19.00,2.60,13.80
2020-08-07,27.40,21.80,2.70,13.90
2020-08-08,26.50,20.80,13.10,13.50
2020-08-09,29.20,20.80,0.50,19.20
2020-08-10,31.50,22.50,0.00,18.10
2020-08-11,29.40,24.00,0.70,22.20
2020-08-12,30.90,23.40,7.60,11.60
2020-08-13,25.70,23.70,5.40,13.40
2020-08-14,29.80,22.20,0.20,18.30
2020-08-15,29.00,21.10,0.30,17.40
2020-08-16,21.80,19.10,13.40,26.10
2020-08-17,26.00,16.80,6.00,23.30
2020-08-18,28.50,18.50,0.00,13.10
2020-08-19,24.00,19.10,5.50,11.50
2020-08-20,25.80,16.90,0.00,13.50
2020-08-21,28.80,18.10,0.00,19.40
2020-08-22,30.00,21.50,2.60,16.70
2020-08-23,28.50,20.50,0.00,16.30
2020-08-24,31.80,21.80,0.10,15.60
2020-08-25,33.20,22.70,0.30,29.10
2020-08-26,26.10,19.40,0.00,24.10
2020-08-27,33.50,19.50,1.50,28.30
2020-08-28,31.60,20.70,0.60,25.40
2020-08-29,25.60,22.30,21.00,21.30
2020-08-30,25.70,18.10,0.10,25.60
2020-08-31,23.30,15.90,0.00,14.50
2020-09-01,25.00,20.00,0.20,18.80
2020-09-02,25.10,20.00,10.40,16.30
2020-09-03,29.60,22.90,22.90,24.00
2020-09-04,28.90,19.50,0.00,16.50
2020-09-05,25.70,16.50,0.00,18.90
2020-09-06,26.60,17.00,0.00,20.30
2020-09-07,25.00,16.90,0.00,25.30
2020-09-08,27.00,17.10,0.00,16.90
2020-09-09,26.50,19.10,0.60,12.10
2020-09-10,27.20,22.10,17.20,14.50
2020-09-11,24.60,17.50,0.70,21.30
2020-09-12,21.10,16.10,0.00,18.60
2020-09-13,23.10,16.40,1.50,21.30
2020-09-14,25.00,15.90,0.00,22.20
2020-09-15,19.00,11.60,0.00,18.60
2020-09-16,22.20,11.90,0.00,22.20
2020-09-17,22.40,16.40,0.00,14.70
2020-09-18,19.90,14.70,0.00,25.60
2020-09-19,17.00,9.60,0.00,28.60
2020-09-20,16.80,9.60,0.00,20.00
2020-09-21,18.40,8.60,0.00,17.30
2020-09-22,22.20,9.10,0.00,20.60
2020-09-23,26.10,12.00,0.00,24.20
2020-09-24,24.60,12.80,0.00,16.10
2020-09-25,24.80,13.40,0.00,13.60
2020-09-26,22.80,15.20,1.30,18.10
2020-09-27,25.30,17.50,0.30,17.80
2020-09-28,23.90,19.50,1.60,21.90
2020-09-29,23.70,18.20,12.30,23.00
2020-09-30,21.30,15.80,29.20,29.90
2020-10-01,22.10,14.30,0.00,17.80
2020-10-02,18.40,13.10,4.30,16.90
2020-10-03,18.60,10.00,0.00,12.70
2020-10-04,18.70,9.70,0.50,13.10
2020-10-05,19.70,11.10,0.00,13.50
2020-10-06,20.10,11.30,0.20,18.40
2020-10-07,24.40,13.20,0.20,30.60
2020-10-08,17.80,10.30,0.00,29.10
2020-10-09,19.50,9.20,0.00,20.70
2020-10-10,23.80,13.90,0.00,25.00
2020-10-11,19.30,15.10,0.60,22.00
2020-10-12,14.80,11.40,23.70,26.70
2020-10-13,15.20,12.90,10.50,27.40
2020-10-14,20.50,9.20,0.00,17.30
2020-10-15,22.20,11.40,0.00,27.30
2020-10-16,17.30,10.40,23.80,23.70
2020-10-17,15.40,7.30,3.80,18.10
2020-10-18,17.00,7.20,0.00,24.60
2020-10-19,17.90,9.20,0.00,17.30
2020-10-20,21.50,13.10,0.00,11.30
2020-10-21,19.90,14.20,0.30,13.30
2020-10-22,21.00,16.50,0.00,10.50
2020-10-23,20.10,16.10,0.30,14.60
2020-10-24,21.20,10.00,0.40,21.50
2020-10-25,10.90,7.20,1.10,18.00
2020-10-26,16.70,10.70,1.70,21.30
2020-10-27,15.60,12.60,0.80,14.80
2020-10-28,16.50,11.40,2.90,13.00
2020-10-29,12.60,8.60,37.60,32.40
2020-10-30,8.40,3.20,18.60,33.30
2020-10-31,7.20,0.10,0.00,16.50
2020-11-01,13.90,4.70,7.90,30.70
2020-11-02,6.70,3.00,0.50,42.50
2020-11-03,12.30,4.20,0.00,27.40
2020-11-04,16.70,4.10,0.00,18.90
2020-11-05,18.90,7.20,0.00,19.80
2020-11-06,20.40,9.60,0.00,15.80
2020-11-07,21.90,7.90,0.00,10.60
2020-11-08,21.70,7.90,0.00,11.00
2020-11-09,21.60,7.90,0.00,10.60
2020-11-10,21.80,11.60,0.00,14.60
2020-11-11,22.00,15.50,14.60,19.70
2020-11-12,18.50,8.60,11.00,23.80
2020-11-13,11.20,6.20,3.60,16.30
2020-11-14,11.40,4.30,0.00,19.00
2020-11-15,17.50,2.50,6.00,47.00
2020-11-16,11.40,4.80,0.10,25.90
2020-11-17,8.80,2.80,1.30,23.20
2020-11-18,2.20,-1.50,0.00,26.30
2020-11-19,7.30,-2.60,0.00,22.40
2020-11-20,14.90,5.20,0.00,19.90
2020-11-21,15.80,6.70,0.00,17.30
2020-11-22,12.80,4.80,0.10,25.80
2020-11-23,14.00,5.10,15.90,31.50
2020-11-24,8.50,3.00,0.00,18.60
2020-11-25,11.90,4.20,0.40,18.00
2020-11-26,17.20,9.40,12.70,19.60
2020-11-27,16.00,6.70,0.00,14.40
2020-11-28,13.10,4.70,0.00,18.30
2020-11-29,11.00,2.00,0.00,12.80
2020-11-30,16.60,4.70,35.80,51.90
2020-12-01,14.80,3.40,0.90,29.60
2020-12-02,7.00,1.60,0.00,31.40
2020-12-03,9.90,0.60,0.10,20.00
2020-12-04,11.50,4.50,3.90,21.10
2020-12-05,7.00,3.70,22.40,34.40
2020-12-06,4.00,0.60,0.00,31.00
2020-12-07,4.30,-1.80,0.00,15.70
2020-12-08,3.70,-1.30,0.00,22.60
2020-12-09,4.20,-2.20,0.50,21.10
2020-12-10,9.40,0.20,0.00,20.10
2020-12-11,11.20,-0.20,0.00,13.10
2020-12-12,12.70,2.50,0.80,13.00
2020-12-13,14.80,5.80,0.10,20.60
2020-12-14,4.60,1.90,6.70,19.90
2020-12-15,3.80,-1.60,0.00,19.00
2020-12-16,0.80,-4.00,12.30,33.80
2020-12-17,0.60,-4.30,17.90,43.20
2020-12-18,-1.70,-7.30,0.00,17.90
2020-12-19,-1.60,-9.50,0.00,14.50
2020-12-20,3.30,-7.30,0.80,9.40
2020-12-21,3.30,-0.90,0.00,12.40
2020-12-22,5.70,-0.80,0.00,21.30
2020-12-23,3.30,-4.40,0.00,14.80
2020-12-24,14.50,3.20,4.90,45.70
2020-12-25,14.80,-0.90,35.80,57.50
2020-12-26,-0.10,-4.90,0.00,27.10
2020-12-27,2.80,-4.60,0.00,16.90
2020-12-28,9.60,-0.40,0.00,18.80
2020-12-29,3.70,-2.80,0.00,27.80
2020-12-30,4.00,-3.60,0.00,21.90
2020-12-31,8.60,1.00,9.70,29.80
2021-01-01,3.80,-2.40,8.10,17.10
2021-01-02,10.10,1.50,4.10,31.20
2021-01-03,3.80,-1.00,6.50,24.50
2021-01-04,6.80,0.80,1.50,18.10
2021-01-05,5.10,1.00,0.00,12.20
2021-01-06,4.90,-1.00,0.00,23.10
2021-01-07,6.20,-1.60,0.00,18.00
2021-01-08,5.40,-3.50,0.00,21.60
2021-01-09,2.10,-4.00,0.00,28.80
2021-01-10,5.40,-2.80,0.00,17.20
2021-01-11,2.30,-4.40,0.00,10.20
2021-01-12,6.00,-2.70,0.00,11.60
2021-01-13,6.30,-3.70,0.00,16.40
2021-01-14,9.10,-0.60,0.00,10.50
2021-01-15,7.90,-0.80,2.60,28.10
2021-01-16,8.30,2.00,21.80,37.60
2021-01-17,7.60,0.10,0.00,32.00
2021-01-18,6.80,0.30,0.00,23.80
2021-01-19,4.90,-1.50,0.00,27.70
2021-01-20,4.70,-3.40,1.00,30.50
2021-01-21,5.60,-4.80,0.00,21.40
2021-01-22,6.90,-0.70,0.00,27.40
2021-01-23,-0.10,-4.40,0.00,35.40
2021-01-24,0.30,-5.40,0.00,27.20
2021-01-25,3.70,-4.70,0.00,12.50
2021-01-26,1.50,-1.40,4.50,18.30
2021-01-27,4.40,-2.10,0.60,23.90
2021-01-28,0.20,-6.30,0.00,34.20
2021-01-29,-3.80,-9.10,0.00,38.50
2021-01-30,1.00,-8.80,0.00,21.90
2021-01-31,-2.70,-7.70,2.60,21.40
2021-02-01,0.80,-4.20,38.60,45.70
2021-02-02,1.50,-1.80,4.10,40.90
2021-02-03,1.50,-2.00,0.10,21.00
2021-02-04,3.50,-3.30,0.00,19.80
2021-02-05,5.10,-3.00,2.20,20.10
2021-02-06,4.20,-4.90,0.00,28.30
2021-02-07,0.20,-4.60,7.70,23.70
2021-02-08,-3.30,-10.80,0.00,21.90
2021-02-09,1.00,-9.80,2.00,17.50
2021-02-10,0.20,-9.10,0.10,12.30
2021-02-11,0.40,-4.90,4.50,15.90
2021-02-12,-2.60,-11.50,0.00,14.50
2021-02-13,-2.60,-7.40,1.30,18.80
2021-02-14,2.50,-2.60,0.50,15.50
2021-02-15,0.60,-2.50,1.30,18.30
2021-02-16,8.60,-0.60,31.30,26.10
2021-02-17,-1.00,-6.70,0.00,22.70
2021-02-18,-2.30,-5.10,13.20,20.80
2021-02-19,-0.30,-3.30,5.40,18.00
2021-02-20,0.10,-5.30,0.00,18.80
2021-02-21,0.60,-8.30,0.00,15.30
2021-02-22,2.60,-7.60,13.90,24.20
2021-02-23,5.90,-1.50,0.60,21.70
2021-02-24,11.20,-0.80,0.00,23.20
2021-02-25,8.20,-1.10,0.00,26.30
2021-02-26,6.30,-3.00,0.00,16.00
2021-02-27,12.00,1.90,11.50,19.60
2021-02-28,8.00,0.50,5.20,19.30
2021-03-01,9.10,1.90,7.70,38.80
2021-03-02,0.30,-6.90,0.00,34.70
2021-03-03,10.90,-2.80,0.00,21.70
2021-03-04,5.90,-2.50,0.00,33.60
2021-03-05,2.30,-6.30,0.00,30.30
2021-03-06,1.60,-4.80,0.00,24.70
2021-03-07,4.70,-4.90,0.00,16.60
2021-03-08,6.20,-6.30,0.00,14.60
2021-03-09,16.20,0.40,0.00,22.70
2021-03-10,10.60,-0.90,0.00,20.20
2021-03-11,20.20,2.80,0.00,18.00
2021-03-12,19.00,9.90,0.10,26.10
2021-03-13,9.70,-1.30,0.00,30.90
2021-03-14,10.40,-0.40,0.00,40.50
2021-03-15,3.00,-5.80,0.00,33.60
2021-03-16,2.70,-3.70,0.10,15.30
2021-03-17,8.00,0.40,0.00,13.40
2021-03-18,7.70,4.20,17.70,28.00
2021-03-19,5.80,-2.20,3.60,35.60
2021-03-20,12.80,-3.50,0.00,14.80
2021-03-21,15.20,-0.30,0.00,13.30
2021-03-22,13.40,-0.80,0.00,14.70
2021-03-23,16.30,1.60,0.00,13.20
2021-03-24,13.40,4.20,29.70,18.10
2021-03-25,19.70,9.00,1.80,17.40
2021-03-26,25.90,9.90,1.90,41.10
2021-03-27,17.80,6.80,0.00,23.20
2021-03-28,19.20,8.00,16.70,31.60
2021-03-29,11.80,4.20,0.00,36.50
2021-03-30,12.80,0.80,0.00,29.40
2021-03-31,17.00,7.60,13.40,28.30
2021-04-01,11.40,3.20,6.80,29.90
2021-04-02,3.80,-3.20,0.00,27.00
2021-04-03,11.10,-2.00,0.00,17.10
2021-04-04,16.00,3.80,0.00,19.10
2021-04-05,18.30,5.90,0.00,27.70
2021-04-06,18.50,5.20,0.00,22.40
2021-04-07,20.10,6.80,1.20,16.40
2021-04-08,18.00,5.30,0.00,18.60
2021-04-09,12.40,5.80,0.00,15.60
2021-04-10,16.60,8.10,1.30,14.80
2021-04-11,14.80,8.90,27.70,23.60
2021-04-12,9.20,6.90,12.70,22.80
2021-04-13,18.60,6.10,4.70,13.80
2021-04-14,20.20,5.90,0.00,20.60
2021-04-15,13.10,7.90,15.00,18.80
2021-04-16,12.40,3.80,1.90,25.50
2021-04-17,12.20,5.20,0.30,18.90
2021-04-18,15.60,5.60,0.00,14.20
2021-04-19,17.10,5.90,0.00,16.20
2021-04-20,21.80,6.60,0.00,26.80
2021-04-21,18.50,4.20,2.20,31.10
2021-04-22,8.30,1.50,0.00,34.70
2021-04-23,15.80,2.20,0.00,30.10
2021-04-24,20.20,5.30,0.00,29.00
2021-04-25,16.90,8.70,13.00,19.70
2021-04-26,14.10,3.80,0.00,28.40
2021-04-27,14.80,4.10,0.60,16.40
2021-04-28,27.20,8.30,0.00,17.60
2021-04-29,23.00,12.70,2.90,27.20
2021-04-30,19.80,8.00,0.40,40.00
2021-05-01,17.60,5.20,0.00,33.00
2021-05-02,26.50,11.40,0.00,24.10
2021-05-03,16.40,11.80,6.20,14.70
2021-05-04,22.50,11.40,10.90,22.80
2021-05-05,15.60,11.00,9.20,22.70
2021-05-06,17.50,8.90,0.00,23.60
2021-05-07,16.70,8.00,0.00,16.80
2021-05-08,11.70,7.90,2.70,20.10
2021-05-09,17.00,5.90,8.30,20.40
2021-05-10,15.30,8.30,2.90,20.30
2021-05-11,17.00,8.20,0.30,27.00
2021-05-12,18.10,6.10,0.00,20.30
2021-05-13,19.50,7.60,0.00,16.60
2021-05-14,22.20,7.70,0.00,15.80
2021-05-15,22.90,8.50,0.00,13.30
2021-05-16,22.00,10.30,0.00,22.30
2021-05-17,23.10,9.80,0.00,19.00
2021-05-18,26.70,11.30,0.00,14.80
2021-05-19,28.90,13.20,0.00,19.10
2021-05-20,21.80,12.60,0.00,20.20
2021-05-21,23.20,11.90,0.00,19.70
2021-05-22,31.00,17.00,0.00,21.40
2021-05-23,31.80,19.80,0.00,28.10
2021-05-24,19.20,14.00,0.00,22.70
2021-05-25,21.80,13.40,0.00,26.00
2021-05-26,29.50,17.60,1.80,25.30
2021-05-27,28.00,18.80,2.60,21.40
2021-05-28,19.10,10.60,25.50,26.80
2021-05-29,11.30,8.60,28.10,32.40
2021-05-30,11.80,8.60,14.10,30.30
2021-05-31,20.70,9.60,0.80,21.40
2021-06-01,24.00,9.80,0.00,18.40
2021-06-02,21.90,12.80,0.00,17.00
2021-06-03,22.60,13.40,13.80,13.00
2021-06-04,25.60,17.90,5.10,17.10
2021-06-05,31.80,17.40,0.00,21.30
2021-06-06,31.60,20.40,0.00,16.30
2021-06-07,30.50,21.00,0.30,17.00
2021-06-08,30.40,22.00,5.80,16.30
2021-06-09,30.60,21.60,1.40,11.60
2021-06-10,26.70,17.10,0.20,23.70
2021-06-11,21.00,15.60,0.50,14.90
2021-06-12,21.50,16.30,0.40,15.20
2021-06-13,23.80,14.90,0.10,19.10
2021-06-14,21.50,17.80,17.80,22.40
2021-06-15,25.60,17.50,0.60,17.90
2021-06-16,23.50,15.50,0.00,20.50
2021-06-17,24.20,12.60,0.00,13.60
2021-06-18,27.70,13.60,0.00,20.50
2021-06-19,32.50,19.70,2.00,22.90
2021-06-20,29.40,17.50,0.30,21.60
2021-06-21,28.00,21.80,0.50,27.30
2021-06-22,24.70,15.40,8.80,24.30
2021-06-23,23.40,12.60,0.00,17.30
2021-06-24,23.00,13.80,0.00,20.80
2021-06-25,24.40,16.00,0.00,22.80
2021-06-26,26.50,18.80,1.80,25.30
2021-06-27,29.50,22.30,0.50,19.60
2021-06-28,32.80,23.10,0.00,23.10
2021-06-29,33.70,24.20,0.00,23.10
2021-06-30,35.60,25.10,0.00,19.00
2021-07-01,28.80,22.00,22.90,13.60
2021-07-02,24.60,20.10,28.00,10.20
2021-07-03,19.70,16.80,16.70,27.10
2021-07-04,25.20,15.90,1.70,12.00
2021-07-05,26.50,18.20,0.20,22.50
2021-07-06,33.50,22.10,0.60,29.80
2021-07-07,32.00,22.20,1.00,19.50
2021-07-08,28.10,21.60,12.20,23.90
2021-07-09,30.20,22.00,37.20,33.60
2021-07-10,26.00,21.00,1.00,15.50
2021-07-11,24.90,20.10,2.50,17.30
2021-07-12,28.60,22.50,16.20,13.10
2021-07-13,26.00,21.30,1.80,13.80
2021-07-14,30.80,21.80,1.30,14.90
2021-07-15,29.50,21.40,0.10,15.00
2021-07-16,32.60,23.50,0.40,13.10
2021-07-17,30.90,23.60,8.70,22.30
2021-07-18,28.60,23.40,15.00,20.40
2021-07-19,27.90,21.10,0.20,13.20
2021-07-20,31.20,21.30,0.00,17.40
2021-07-21,28.20,21.20,5.30,14.90
2021-07-22,27.00,18.00,0.00,15.60
2021-07-23,26.50,17.60,0.00,12.40
2021-07-24,27.00,18.40,0.00,17.20
2021-07-25,28.90,20.10,7.90,20.70
2021-07-26,32.00,21.90,0.00,13.50
2021-07-27,30.80,19.60,0.10,24.20
2021-07-28,27.10,20.50,1.10,17.70
2021-07-29,25.60,20.00,32.20,27.20
2021-07-30,28.10,19.50,0.00,25.20
2021-07-31,26.00,14.60,0.00,22.30
2021-08-01,24.40,16.60,0.70,21.70
2021-08-02,26.80,17.50,0.00,19.70
2021-08-03,24.40,15.90,0.00,11.30
2021-08-04,24.60,17.80,0.80,14.00
2021-08-05,27.20,17.60,0.10,14.20
2021-08-06,28.90,17.30,0.00,21.70
2021-08-07,29.90,19.80,0.00,26.50
2021-08-08,22.90,19.00,13.20,20.40
2021-08-09,26.50,20.40,0.70,18.70
2021-08-10,27.40,20.50,5.90,18.20
2021-08-11,32.00,23.20,3.40,22.10
2021-08-12,35.30,23.10,0.00,21.20
2021-08-13,33.20,24.90,0.00,20.00
2021-08-14,31.60,24.40,5.20,18.50
2021-08-15,27.90,20.50,0.00,18.20
2021-08-16,26.80,20.20,0.00,18.00
2021-08-17,26.40,22.10,2.30,21.80
2021-08-18,27.10,21.20,1.90,26.20
2021-08-19,30.50,23.60,8.30,25.70
2021-08-20,26.90,22.20,1.80,12.00
2021-08-21,27.20,22.20,1.20,15.60
2021-08-22,23.80,22.50,67.30,19.50
2021-08-23,28.80,22.00,35.10,28.80
2021-08-24,31.00,22.00,0.00,14.20
2021-08-25,31.50,20.30,0.00,10.00
2021-08-26,32.00,22.80,0.10,16.20
2021-08-27,32.50,23.60,1.60,10.00
2021-08-28,26.10,20.20,3.30,24.80
2021-08-29,24.60,19.40,2.00,13.80
2021-08-30,28.90,21.80,5.20,16.10
2021-08-31,29.00,21.40,0.00,16.80
2021-09-01,23.40,18.50,111.50,45.20
2021-09-02,24.60,15.40,22.40,41.90
2021-09-03,22.10,14.40,0.00,15.30
2021-09-04,25.10,14.90,0.00,15.90
2021-09-05,24.70,17.10,1.20,15.50
2021-09-06,27.20,19.20,0.00,20.20
2021-09-07,26.20,15.60,0.00,13.30
2021-09-08,26.70,20.00,0.60,26.30
2021-09-09,23.00,20.00,19.40,18.50
2021-09-10,23.10,16.30,0.00,25.30
2021-09-11,25.00,13.50,0.00,16.50
2021-09-12,29.10,18.60,0.00,25.20
2021-09-13,29.20,21.90,1.60,21.30
2021-09-14,25.90,19.50,0.10,18.80
2021-09-15,30.10,20.90,0.80,23.10
2021-09-16,24.20,19.50,4.00,20.90
2021-09-17,23.90,20.40,1.60,20.50
2021-09-18,27.50,19.50,0.40,15.30
2021-09-19,23.80,17.00,0.00,18.80
2021-09-20,22.90,15.30,0.30,17.10
2021-09-21,23.20,17.00,0.10,16.00
2021-09-22,25.20,19.90,4.90,30.10
2021-09-23,26.20,17.90,18.40,40.90
2021-09-24,22.50,15.70,26.20,15.50
2021-09-25,22.90,14.10,0.00,7.70
2021-09-26,21.60,15.80,0.00,24.30
2021-09-27,26.10,14.90,0.00,25.50
2021-09-28,22.60,16.70,15.30,19.40
2021-09-29,20.40,11.70,0.10,22.20
2021-09-30,19.20,13.40,0.00,20.70
2021-10-01,19.60,9.90,0.00,12.60
2021-10-02,24.00,10.90,0.00,17.70
2021-10-03,26.10,13.10,0.00,13.60
2021-10-04,21.40,16.90,22.80,19.20
2021-10-05,20.10,15.40,0.00,15.90
2021-10-06,20.60,16.30,0.00,6.90
2021-10-07,22.60,16.20,0.40,11.00
2021-10-08,24.10,14.10,0.00,12.60
2021-10-09,20.50,15.40,0.40,22.30
2021-10-10,19.00,16.70,2.80,28.10
2021-10-11,21.70,16.50,0.00,27.80
2021-10-12,21.70,15.60,0.00,12.80
2021-10-13,21.90,15.20,0.10,12.90
2021-10-14,25.20,15.40,0.00,16.80
2021-10-15,25.20,15.10,0.00,18.50
2021-10-16,24.80,15.20,17.80,27.90
2021-10-17,17.60,11.40,0.20,24.50
2021-10-18,16.10,9.30,0.00,33.50
2021-10-19,19.30,8.40,0.00,24.90
2021-10-20,24.50,13.90,0.00,21.10
2021-10-21,23.20,12.00,0.00,17.80
2021-10-22,20.50,14.40,0.00,17.90
2021-10-23,16.40,10.80,0.40,14.90
2021-10-24,15.70,7.50,0.70,13.00
2021-10-25,23.40,14.10,10.90,20.10
2021-10-26,17.20,13.90,78.80,31.30
2021-10-27,16.40,12.30,6.80,36.50
2021-10-28,15.30,8.20,0.00,20.20
2021-10-29,14.40,8.90,9.30,38.00
2021-10-30,18.00,12.60,6.70,40.90
2021-10-31,18.50,12.60,5.90,22.10
2021-11-01,14.80,8.10,0.00,21.90
2021-11-02,11.60,7.20,0.70,14.60
2021-11-03,11.10,3.70,0.10,17.10
2021-11-04,10.00,2.90,0.00,10.30
2021-11-05,10.90,3.50,0.00,15.50
2021-11-06,10.70,3.20,0.00,9.50
2021-11-07,12.10,2.90,0.00,11.20
2021-11-08,16.80,6.80,0.00,19.20
2021-11-09,19.70,6.10,0.00,10.10
2021-11-10,17.50,7.90,0.40,22.50
2021-11-11,15.20,4.20,0.40,25.10
2021-11-12,18.70,8.90,16.10,40.70
2021-11-13,16.30,5.10,3.80,37.80
2021-11-14,8.60,3.10,0.70,20.70
2021-11-15,8.90,2.20,1.10,31.00
2021-11-16,9.80,2.10,0.00,21.30
2021-11-17,12.50,0.60,0.00,21.60
2021-11-18,19.10,9.70,2.60,24.00
2021-11-19,9.90,3.80,3.00,29.80
2021-11-20,6.90,0.40,0.00,15.50
2021-11-21,12.10,4.90,0.70,20.50
2021-11-22,11.50,2.70,1.40,23.50
2021-11-23,5.70,-0.20,0.50,28.60
2021-11-24,7.20,-1.40,0.00,18.20
2021-11-25,11.50,1.20,0.00,11.80
2021-11-26,7.70,1.90,8.40,29.70
2021-11-27,4.80,0.70,0.00,30.40
2021-11-28,4.70,0.50,2.00,10.90
2021-11-29,6.10,-0.40,0.30,21.60
2021-11-30,4.90,-2.30,0.20,19.00
2021-12-01,8.80,1.20,0.10,16.60
2021-12-02,13.80,5.90,2.10,28.10
2021-12-03,9.60,1.20,0.00,27.70
2021-12-04,8.60,0.60,0.00,13.70
2021-12-05,7.80,0.20,0.00,15.20
2021-12-06,16.50,8.60,5.50,36.00
2021-12-07,8.90,0.90,0.10,28.30
2021-12-08,4.90,0.70,0.50,14.70
2021-12-09,3.80,-1.60,0.00,19.70
2021-12-10,8.70,1.90,0.00,10.70
2021-12-11,17.60,5.20,6.00,35.70
2021-12-12,12.90,3.50,0.90,34.20
2021-12-13,10.50,2.20,0.00,20.10
2021-12-14,10.60,2.40,0.00,18.90
2021-12-15,10.50,1.50,1.00,22.90
2021-12-16,14.80,10.10,0.00,24.10
2021-12-17,14.40,6.30,0.00,22.00
2021-12-18,7.00,4.70,3.70,12.70
2021-12-19,7.40,-1.40,0.40,27.60
2021-12-20,2.00,-4.20,0.00,17.90
2021-12-21,5.80,-2.00,0.10,13.80
2021-12-22,8.30,0.20,4.10,26.70
2021-12-23,2.50,-2.00,0.00,19.60
2021-12-24,5.90,-1.40,2.00,14.80
2021-12-25,9.20,0.60,4.70,14.40
2021-12-26,8.90,3.30,0.20,23.50
2021-12-27,2.80,-1.20,1.70,13.70
2021-12-28,8.60,2.90,0.40,13.00
2021-12-29,7.90,4.40,10.60,12.40
2021-12-30,8.80,5.20,3.10,11.20
2021-12-31,11.40,6.80,1.20,15.10
2022-01-01,11.80,7.70,17.40,12.90
2022-01-02,13.90,2.90,17.90,26.60
2022-01-03,2.20,-4.10,1.90,30.90
2022-01-04,0.90,-6.30,0.00,21.40
2022-01-05,7.20,-1.90,0.30,23.00
2022-01-06,4.30,0.10,0.00,19.80
2022-01-07,-0.10,-5.40,9.00,25.50
2022-01-08,-2.30,-8.70,0.00,20.80
2022-01-09,4.20,-4.80,5.00,24.00
2022-01-10,4.30,-3.80,0.00,26.30
2022-01-11,-4.00,-8.40,0.00,28.00
2022-01-12,4.80,-7.20,0.00,22.00
2022-01-13,7.20,-3.10,0.00,10.00
2022-01-14,5.30,-4.30,0.00,36.40
2022-01-15,-5.00,-10.90,0.00,22.90
2022-01-16,2.20,-13.00,4.60,30.00
2022-01-17,9.40,0.40,35.80,54.00
2022-01-18,2.20,-4.80,0.00,31.40
2022-01-19,7.80,-4.20,0.00,24.80
2022-01-20,5.50,-5.20,7.10,23.60
2022-01-21,-4.90,-11.10,0.00,23.30
2022-01-22,-1.20,-11.90,0.00,19.80
2022-01-23,3.00,-5.80,0.30,14.40
2022-01-24,0.50,-2.70,0.20,15.10
2022-01-25,6.70,-3.50,0.00,17.10
2022-01-26,-2.80,-7.60,0.00,21.60
2022-01-27,0.10,-9.10,0.00,18.70
2022-01-28,0.90,-2.80,2.50,19.60
2022-01-29,-1.60,-12.40,18.60,43.90
2022-01-30,-5.90,-13.50,0.00,29.00
2022-01-31,-3.20,-17.20,0.00,13.40
2022-02-01,-1.40,-13.20,0.00,12.40
2022-02-02,3.80,-7.00,0.00,11.10
2022-02-03,9.60,2.50,12.50,15.70
2022-02-04,11.90,-1.90,24.00,29.00
2022-02-05,-1.50,-6.60,0.40,27.80
2022-02-06,-1.20,-8.60,0.00,16.80
2022-02-07,2.80,-4.40,4.60,14.40
2022-02-08,8.20,-1.10,4.30,24.40
2022-02-09,5.00,-4.60,0.00,17.60
2022-02-10,11.30,-0.20,0.10,32.20
2022-02-11,12.40,-3.50,0.00,27.20
2022-02-12,13.60,6.20,0.00,25.40
2022-02-13,5.20,-3.00,5.70,19.40
2022-02-14,-3.10,-9.90,0.00,27.60
2022-02-15,-0.10,-9.00,0.00,13.50
2022-02-16,6.40,-4.80,0.00,21.30
2022-02-17,17.20,5.50,1.90,33.40
2022-02-18,15.60,-2.60,12.90,44.60
2022-02-19,3.80,-5.30,0.40,36.40
2022-02-20,2.90,-6.30,0.00,25.20
2022-02-21,10.10,-1.80,0.00,19.80
2022-02-22,14.60,0.50,5.10,40.70
2022-02-23,19.20,3.80,0.10,29.70
2022-02-24,2.50,-1.50,0.00,23.50
2022-02-25,6.90,-1.90,20.00,30.00
2022-02-26,3.20,-6.30,0.00,28.40
2022-02-27,8.30,-3.50,0.00,33.20
2022-02-28,1.80,-4.40,0.00,23.00
2022-03-01,6.20,-3.50,0.20,24.60
2022-03-02,10.80,1.10,0.00,17.40
2022-03-03,5.70,-2.70,3.50,25.50
2022-03-04,3.50,-6.90,0.00,21.30
2022-03-05,5.60,-4.30,0.10,20.10
2022-03-06,19.70,3.30,2.00,31.60
2022-03-07,23.20,11.20,3.60,38.80
2022-03-08,13.40,2.00,0.00,34.80
2022-03-09,4.00,1.20,15.40,19.10
2022-03-10,8.90,-1.70,0.00,12.70
2022-03-11,10.80,-0.50,0.00,22.00
2022-03-12,6.80,-4.10,15.40,37.10
2022-03-13,3.10,-5.90,0.20,34.40
2022-03-14,13.50,-2.30,0.00,21.70
2022-03-15,15.90,3.30,0.00,22.30
2022-03-16,16.60,3.30,0.10,19.80
2022-03-17,12.20,4.10,6.60,18.60
2022-03-18,21.00,7.60,0.00,16.90
2022-03-19,17.90,6.90,3.30,18.80
2022-03-20,15.20,7.20,0.10,28.80
2022-03-21,15.90,5.20,0.00,30.30
2022-03-22,13.30,4.70,0.00,24.30
2022-03-23,8.10,1.70,3.00,20.90
2022-03-24,9.90,3.80,23.10,26.40
2022-03-25,16.10,4.80,6.10,29.30
2022-03-26,10.40,5.00,5.80,20.50
2022-03-27,7.90,-0.40,0.30,27.00
2022-03-28,0.40,-5.10,0.10,32.30
2022-03-29,3.50,-4.90,0.00,30.60
2022-03-30,5.90,-3.20,0.00,18.00
2022-03-31,19.10,3.90,5.00,36.30
2022-04-01,15.40,5.60,1.90,34.60
2022-04-02,11.40,1.60,0.00,28.20
2022-04-03,8.80,3.70,3.50,22.70
2022-04-04,12.50,2.90,0.10,25.00
2022-04-05,12.30,1.50,1.90,17.20
2022-04-06,12.90,6.60,19.90,33.60
2022-04-07,11.40,6.20,58.20,38.60
2022-04-08,16.90,7.10,13.80,22.40
2022-04-09,14.10,5.40,5.60,22.10
2022-04-10,10.10,3.80,0.00,31.20
2022-04-11,12.90,2.20,0.00,19.40
2022-04-12,20.90,7.80,1.60,19.70
2022-04-13,18.50,7.40,0.00,18.60
2022-04-14,28.80,14.30,0.10,27.10
2022-04-15,19.90,6.40,0.10,27.30
2022-04-16,20.00,7.40,4.10,26.00
2022-04-17,10.40,4.30,0.60,31.00
2022-04-18,10.30,1.60,7.00,30.20
2022-04-19,11.40,4.90,27.60,42.50
2022-04-20,14.10,3.50,0.00,26.60
2022-04-21,13.10,4.90,0.30,34.20
2022-04-22,18.50,8.50,0.00,22.30
2022-04-23,14.80,6.70,0.00,14.20
2022-04-24,15.80,7.20,0.00,25.40
2022-04-25,14.60,6.30,0.00,22.40
2022-04-26,16.50,10.00,4.10,12.50
2022-04-27,13.40,5.20,0.80,31.80
2022-04-28,12.60,3.30,0.00,34.70
2022-04-29,15.50,3.30,0.00,28.40
2022-04-30,17.90,4.30,0.00,20.10
2022-05-01,18.80,5.50,1.00,17.90
2022-05-02,15.10,10.00,2.80,16.50
2022-05-03,18.50,7.40,0.00,22.70
2022-05-04,20.70,9.40,5.30,18.10
2022-05-05,22.00,11.30,0.00,17.60
2022-05-06,14.20,9.60,21.70,13.70
2022-05-07,10.60,6.90,28.60,33.00
2022-05-08,13.00,7.10,2.40,30.40
2022-05-09,18.90,6.00,0.00,24.40
2022-05-10,20.10,7.90,0.00,24.10
2022-05-11,21.30,8.90,0.00,23.30
2022-05-12,21.10,10.90,0.00,16.10
2022-05-13,21.50,13.90,1.80,14.10
2022-05-14,20.80,14.10,7.00,15.80
2022-05-15,24.90,14.50,1.00,21.00
2022-05-16,23.30,15.40,6.90,24.90
2022-05-17,23.30,11.80,0.00,32.50
2022-05-18,21.50,11.50,0.00,18.20
2022-05-19,22.00,12.60,14.10,13.30
2022-05-20,21.50,11.10,5.80,22.30
2022-05-21,32.20,16.30,0.00,20.80
2022-05-22,30.80,20.70,1.10,18.90
2022-05-23,22.60,15.70,0.00,22.60
2022-05-24,19.40,13.40,0.10,19.50
2022-05-25,19.20,11.20,0.00,19.10
2022-05-26,19.80,11.20,0.00,25.40
2022-05-27,23.90,16.40,12.30,23.60
2022-05-28,23.20,18.00,6.80,21.30
2022-05-29,24.70,13.90,0.00,17.60
2022-05-30,29.20,15.10,0.00,24.70
2022-05-31,33.80,21.00,0.00,17.10
2022-06-01,21.70,15.90,8.80,19.10
2022-06-02,27.00,16.10,7.50,13.70
2022-06-03,24.50,18.50,2.20,19.40
2022-06-04,26.50,13.60,0.00,23.10
2022-06-05,24.00,13.30,0.00,19.10
2022-06-06,26.10,13.30,0.00,23.50
2022-06-07,24.70,14.60,0.90,34.20
2022-06-08,29.50,19.40,0.40,22.30
2022-06-09,28.30,19.00,9.40,29.20
2022-06-10,26.30,15.10,0.00,23.60
2022-06-11,24.40,15.80,0.80,11.20
2022-06-12,22.90,16.10,8.30,24.50
2022-06-13,27.60,17.40,4.60,15.50
2022-06-14,28.00,19.00,0.00,23.70
2022-06-15,27.00,17.60,0.00,27.60
2022-06-16,23.20,17.70,13.10,30.00
2022-06-17,32.10,19.50,0.00,31.30
2022-06-18,22.00,15.70,0.00,31.90
2022-06-19,22.30,12.80,0.00,32.50
2022-06-20,26.50,13.20,0.00,18.90
2022-06-21,26.50,14.20,2.10,13.50
2022-06-22,20.50,17.00,2.70,25.50
2022-06-23,22.40,16.00,1.00,17.40
2022-06-24,26.00,14.90,0.60,21.30
2022-06-25,32.50,18.20,0.00,23.30
2022-06-26,30.90,20.10,0.00,32.40
2022-06-27,26.70,19.80,8.50,24.00
2022-06-28,28.00,19.30,0.20,16.00
2022-06-29,29.20,17.20,0.00,29.70
2022-06-30,31.80,17.50,0.00,23.00
2022-07-01,33.80,20.50,0.00,33.90
2022-07-02,30.40,23.00,14.60,20.90
2022-07-03,31.20,21.40,0.10,17.00
2022-07-04,30.20,18.10,0.00,19.10
2022-07-05,30.40,20.20,0.90,32.50
2022-07-06,31.90,21.90,0.10,21.40
2022-07-07,27.10,20.50,0.00,23.70
2022-07-08,29.00,19.70,1.40,17.00
2022-07-09,29.80,20.90,0.00,24.20
2022-07-10,27.40,18.80,0.00,23.20
2022-07-11,28.50,17.70,0.00,35.20
2022-07-12,34.00,19.50,0.60,36.20
2022-07-13,32.80,21.50,0.00,30.00
2022-07-14,31.60,21.70,0.30,20.80
2022-07-15,28.60,20.70,0.10,20.10
2022-07-16,27.90,20.40,13.10,17.70
2022-07-17,28.00,20.10,1.00,19.20
2022-07-18,30.20,22.50,13.00,24.70
2022-07-19,33.80,21.50,0.00,22.20
2022-07-20,34.00,22.50,0.00,20.70
2022-07-21,33.80,24.80,2.60,25.20
2022-07-22,34.30,21.70,0.00,28.90
2022-07-23,34.50,23.00,0.00,25.40
2022-07-24,36.00,24.10,0.00,29.20
2022-07-25,31.60,25.20,24.00,25.50
2022-07-26,29.00,20.10,0.10,21.10
2022-07-27,28.20,18.20,0.00,20.20
2022-07-28,30.80,22.30,1.30,25.10
2022-07-29,30.80,22.40,0.40,18.30
2022-07-30,32.20,22.20,0.80,22.00
2022-07-31,28.80,19.10,0.00,20.00
2022-08-01,26.40,20.90,7.40,22.30
2022-08-02,33.50,21.50,0.00,16.90
2022-08-03,32.50,21.40,0.00,22.20
2022-08-04,33.20,21.40,0.00,29.30
2022-08-05,33.00,23.20,0.40,14.00
2022-08-06,32.60,23.50,1.20,27.20
2022-08-07,34.30,23.80,5.10,27.40
2022-08-08,34.70,25.50,0.70,24.00
2022-08-09,37.50,26.30,7.10,19.60
2022-08-10,32.80,23.20,0.10,23.70
2022-08-11,32.30,23.20,0.80,13.50
2022-08-12,29.20,21.50,0.00,23.50
2022-08-13,27.20,17.90,0.00,22.20
2022-08-14,27.10,16.90,0.00,24.90
2022-08-15,27.50,18.10,0.10,17.00
2022-08-16,28.20,18.40,0.00,26.10
2022-08-17,27.10,18.40,0.20,19.60
2022-08-18,30.90,17.40,0.10,16.80
2022-08-19,31.70,17.90,0.00,28.00
2022-08-20,31.80,21.20,0.30,22.20
2022-08-21,27.90,20.10,0.00,22.20
2022-08-22,24.50,21.70,17.80,15.90
2022-08-23,29.20,21.00,5.80,15.60
2022-08-24,31.50,19.80,0.00,13.60
2022-08-25,31.80,19.50,0.00,20.50
2022-08-26,29.50,21.20,16.50,20.70
2022-08-27,29.80,20.40,0.00,13.70
2022-08-28,27.50,21.80,1.30,19.30
2022-08-29,28.60,21.30,0.20,25.50
2022-08-30,30.10,21.80,1.70,29.70
2022-08-31,29.00,20.80,0.60,22.90
2022-09-01,30.00,19.50,0.00,19.50
2022-09-02,25.10,15.90,0.00,15.60
2022-09-03,26.40,17.80,0.00,18.40
2022-09-04,30.40,20.40,1.30,12.60
2022-09-05,28.50,21.20,5.20,20.00
2022-09-06,22.50,20.40,31.80,22.50
2022-09-07,23.00,18.90,2.30,22.30
2022-09-08,24.00,18.10,0.10,17.10
2022-09-09,26.50,16.50,0.00,11.60
2022-09-10,27.50,15.50,0.00,14.70
2022-09-11,24.80,18.60,15.50,13.40
2022-09-12,28.00,20.60,10.20,15.60
2022-09-13,26.10,20.60,6.90,18.00
2022-09-14,27.00,15.90,0.00,19.70
2022-09-15,22.20,16.00,0.00,18.90
2022-09-16,24.20,12.00,0.00,12.20
2022-09-17,22.60,17.00,0.00,17.40
2022-09-18,29.10,17.30,0.00,20.70
2022-09-19,30.20,19.20,1.80,23.90
2022-09-20,26.00,18.00,0.00,19.60
2022-09-21,26.10,16.20,0.00,20.50
2022-09-22,25.50,14.60,7.50,26.90
2022-09-23,16.70,10.30,0.00,32.50
2022-09-24,20.90,9.70,0.00,19.10
2022-09-25,24.50,11.90,2.40,22.70
2022-09-26,23.80,13.40,0.00,26.10
2022-09-27,21.50,13.50,0.00,21.50
2022-09-28,21.10,10.40,0.00,19.00
2022-09-29,19.30,11.50,0.00,20.90
2022-09-30,16.90,10.80,0.10,17.40
2022-10-01,17.50,11.70,21.70,32.30
2022-10-02,15.10,10.60,12.60,32.10
2022-10-03,12.00,9.10,18.60,30.30
2022-10-04,12.90,8.40,187.20,31.90
2022-10-05,16.00,12.40,7.70,28.70
2022-10-06,22.80,11.10,0.00,12.10
2022-10-07,24.10,11.60,0.20,17.00
2022-10-08,14.90,7.20,0.50,21.10
2022-10-09,16.50,6.10,0.00,19.60
2022-10-10,20.00,7.40,0.00,18.30
2022-10-11,19.70,7.70,0.00,15.00
2022-10-12,19.30,9.20,0.00,25.50
2022-10-13,21.00,13.20,5.60,28.20
2022-10-14,19.40,10.60,8.50,24.10
2022-10-15,19.10,7.80,0.00,25.30
2022-10-16,17.80,10.10,0.00,13.70
2022-10-17,19.00,10.80,4.10,18.00
2022-10-18,13.80,7.40,0.70,17.90
2022-10-19,12.40,4.40,0.00,27.00
2022-10-20,14.40,5.40,0.00,26.40
2022-10-21,16.00,6.00,0.00,11.50
2022-10-22,17.80,6.20,0.00,11.70
2022-10-23,15.50,9.90,17.60,20.80
2022-10-24,16.50,12.10,12.10,20.80
2022-10-25,20.80,14.90,2.60,12.90
2022-10-26,21.20,15.80,0.40,16.20
2022-10-27,17.50,10.40,0.00,25.60
2022-10-28,13.10,6.80,0.00,20.00
2022-10-29,14.40,5.20,0.00,11.50
2022-10-30,16.20,4.40,0.00,11.20
2022-10-31,17.40,10.30,6.60,13.30
2022-11-01,19.80,13.10,7.50,15.60
2022-11-02,20.10,10.60,0.00,16.30
2022-11-03,17.90,8.60,0.00,11.80
2022-11-04,19.80,8.10,0.00,13.30
2022-11-05,23.00,15.00,0.00,27.30
2022-11-06,23.80,17.80,2.80,22.30
2022-11-07,24.00,14.60,0.80,25.70
2022-11-08,13.50,7.90,0.00,23.50
2022-11-09,10.60,4.40,0.00,19.50
2022-11-10,17.40,6.80,0.00,13.20
2022-11-11,18.90,11.80,25.30,33.50
2022-11-12,20.70,14.40,1.80,33.10
2022-11-13,14.10,6.10,2.90,27.20
2022-11-14,7.70,2.40,0.00,19.30
2022-11-15,7.80,1.50,6.00,23.50
2022-11-16,11.30,4.20,12.50,28.00
2022-11-17,8.40,2.20,0.00,31.20
2022-11-18,6.60,0.40,0.20,31.10
2022-11-19,4.40,-1.50,0.00,19.70
2022-11-20,2.30,-1.90,0.10,34.00
2022-11-21,4.20,-3.50,0.00,22.50
2022-11-22,9.60,0.30,0.00,20.60
2022-11-23,11.80,1.50,0.00,13.00
2022-11-24,10.60,0.90,0.00,13.00
2022-11-25,12.10,4.80,3.80,25.90
2022-11-26,12.40,4.60,0.00,19.70
2022-11-27,13.90,5.20,12.20,27.20
2022-11-28,12.10,4.90,0.00,27.80
2022-11-29,6.20,0.30,0.00,14.00
2022-11-30,12.90,1.50,14.90,37.40
2022-12-01,6.20,0.50,0.00,28.70
2022-12-02,5.20,-3.00,0.00,10.90
2022-12-03,13.40,4.20,8.80,33.30
2022-12-04,6.90,0.30,0.00,23.20
2022-12-05,6.60,-2.50,0.00,11.70
2022-12-06,12.50,0.70,11.50,22.60
2022-12-07,14.60,11.40,10.50,22.80
2022-12-08,11.60,5.90,0.00,20.40
2022-12-09,7.10,0.90,0.00,20.60
2022-12-10,4.80,-1.40,0.00,18.50
2022-12-11,4.30,1.10,10.70,17.70
2022-12-12,4.30,-2.10,1.10,22.10
2022-12-13,4.90,-4.30,0.00,14.80
2022-12-14,4.50,-1.60,0.00,19.50
2022-12-15,4.80,-1.40,17.30,30.10
2022-12-16,6.70,3.50,14.50,34.90
2022-12-17,7.00,1.00,0.30,24.80
2022-12-18,4.10,-2.50,0.00,22.30
2022-12-19,3.70,-2.20,0.00,23.40
2022-12-20,3.80,-2.00,0.00,19.20
2022-12-21,3.10,-3.90,0.00,9.30
2022-12-22,6.80,-2.20,9.50,30.40
2022-12-23,12.80,-12.60,23.00,46.00
2022-12-24,-4.60,-13.40,0.00,35.70
2022-12-25,-1.50,-10.00,0.00,25.20
2022-12-26,-0.90,-7.90,0.00,19.50
2022-12-27,2.90,-4.90,0.00,14.90
2022-12-28,6.80,-3.80,0.00,19.20
2022-12-29,8.60,-0.90,0.00,16.00
2022-12-30,13.60,1.50,0.00,13.60
2022-12-31,11.10,5.90,6.30,13.20
2023-01-01,11.90,4.90,2.10,17.40
2023-01-02,12.90,4.60,0.50,9.00
2023-01-03,12.90,6.30,9.50,19.40
2023-01-04,18.00,9.60,2.30,18.20
2023-01-05,13.10,7.40,0.00,12.10
2023-01-06,8.70,3.30,9.60,16.30
2023-01-07,8.20,0.50,0.00,20.20
2023-01-08,4.20,-2.30,0.00,13.70
2023-01-09,7.20,0.80,1.50,17.90
2023-01-10,6.30,0.10,0.00,14.60
2023-01-11,3.90,-1.10,0.00,13.80
2023-01-12,9.80,-0.60,11.90,21.00
2023-01-13,12.70,3.10,1.60,27.10
2023-01-14,2.90,-0.50,0.00,26.30
2023-01-15,5.20,-1.70,0.00,33.80
2023-01-16,8.20,-2.30,0.00,26.30
2023-01-17,7.40,-2.00,1.40,13.30
2023-01-18,10.80,3.00,1.70,25.50
2023-01-19,5.70,2.40,23.50,16.30
2023-01-20,9.00,1.90,0.60,30.70
2023-01-21,6.20,-1.90,0.20,19.90
2023-01-22,5.60,-3.40,5.40,15.80
2023-01-23,3.00,1.20,16.90,25.00
2023-01-24,7.80,-1.00,0.00,27.70
2023-01-25,10.60,-2.40,20.00,44.70
2023-01-26,11.90,3.00,14.50,36.00
2023-01-27,6.20,-1.50,0.00,19.20
2023-01-28,10.90,-0.80,0.00,23.80
2023-01-29,10.50,0.20,0.00,22.50
2023-01-30,11.70,2.50,0.00,13.20
2023-01-31,6.50,0.50,2.50,19.10
2023-02-01,3.20,-3.20,1.60,16.50
2023-02-02,4.10,-4.40,0.00,19.10
2023-02-03,0.30,-10.60,0.00,42.20
2023-02-04,-3.80,-16.50,0.00,39.80
2023-02-05,9.10,-4.70,0.00,19.10
2023-02-06,10.20,-0.90,0.00,29.20
2023-02-07,3.70,-4.10,2.60,21.60
2023-02-08,10.40,1.10,0.70,22.50
2023-02-09,11.10,-1.80,0.00,20.90
2023-02-10,14.10,6.00,0.00,28.10
2023-02-11,6.80,0.40,0.00,23.50
2023-02-12,6.80,-0.60,0.80,18.70
2023-02-13,13.40,2.50,1.80,23.90
2023-02-14,11.40,2.50,0.00,23.20
2023-02-15,17.00,3.00,0.00,26.90
2023-02-16,19.20,9.20,2.90,17.60
2023-02-17,15.40,0.30,8.10,33.80
2023-02-18,5.80,-2.70,0.00,28.90
2023-02-19,8.10,-0.30,0.00,29.80
2023-02-20,15.40,5.60,0.00,25.30
2023-02-21,8.40,2.00,7.10,17.80
2023-02-22,5.60,-0.80,4.40,15.00
2023-02-23,7.80,2.70,0.60,16.10
2023-02-24,7.40,-2.10,0.00,35.30
2023-02-25,0.20,-5.60,0.70,19.80
2023-02-26,10.20,-3.80,0.00,34.70
2023-02-27,4.90,-2.20,3.80,23.70
2023-02-28,2.20,-0.60,13.10,24.80
2023-03-01,5.80,-2.50,3.40,22.00
2023-03-02,13.80,2.20,1.50,23.20
2023-03-03,7.50,-1.50,2.80,30.40
2023-03-04,7.20,3.20,41.80,38.40
2023-03-05,12.20,-0.40,0.00,27.40
2023-03-06,10.20,1.40,0.00,23.10
2023-03-07,7.40,1.10,2.70,36.30
2023-03-08,9.40,-2.10,0.00,34.60
2023-03-09,10.40,-0.50,0.00,22.30
2023-03-10,7.40,-1.20,7.30,16.80
2023-03-11,7.00,1.80,13.10,25.80
2023-03-12,7.80,-1.00,0.00,19.20
2023-03-13,5.90,3.70,16.70,20.50
2023-03-14,3.40,1.10,12.20,44.30
2023-03-15,7.10,0.90,0.00,38.70
2023-03-16,13.40,-1.30,0.00,19.90
2023-03-17,14.40,2.50,0.00,22.20
2023-03-18,11.10,3.00,0.70,26.10
2023-03-19,3.80,-2.80,0.00,27.30
2023-03-20,10.70,-3.20,0.00,17.80
2023-03-21,15.80,-0.90,0.00,20.10
2023-03-22,13.30,2.30,0.00,23.10
2023-03-23,14.90,5.20,2.80,24.50
2023-03-24,13.10,5.70,0.20,19.10
2023-03-25,7.50,3.00,11.50,31.40
2023-03-26,15.10,3.20,0.00,24.50
2023-03-27,14.90,2.50,2.60,23.70
2023-03-28,11.20,3.10,0.60,21.10
2023-03-29,11.00,-0.10,0.00,24.20
2023-03-30,7.60,-1.50,0.10,28.50
2023-03-31,10.10,-0.80,0.00,29.40
2023-04-01,19.70,9.60,10.10,26.70
2023-04-02,10.60,3.20,0.00,35.30
2023-04-03,13.40,-0.20,0.00,30.90
2023-04-04,18.70,5.90,0.00,16.80
2023-04-05,13.60,9.40,0.40,20.50
2023-04-06,26.50,10.60,3.30,18.70
2023-04-07,13.90,6.80,0.00,21.90
2023-04-08,10.40,1.80,0.00,19.90
2023-04-09,11.80,1.20,0.00,24.20
2023-04-10,17.90,2.20,0.00,18.80
2023-04-11,23.00,6.40,0.00,26.00
2023-04-12,27.50,15.60,0.00,24.10
2023-04-13,31.10,11.90,0.00,20.60
2023-04-14,29.60,13.90,0.00,19.20
2023-04-15,21.00,14.60,5.00,19.50
2023-04-16,21.00,12.30,0.00,17.70
2023-04-17,20.00,11.60,3.10,24.50
2023-04-18,14.40,7.10,0.10,36.50
2023-04-19,17.50,4.30,0.00,24.50
2023-04-20,15.90,5.80,0.00,16.20
2023-04-21,19.00,8.10,0.00,23.90
2023-04-22,19.80,9.90,15.70,30.50
2023-04-23,19.20,11.20,18.40,20.60
2023-04-24,16.20,6.30,0.00,19.10
2023-04-25,15.20,5.60,0.30,13.20
2023-04-26,13.90,6.20,0.90,22.10
2023-04-27,13.50,7.30,0.70,16.80
2023-04-28,13.10,6.80,6.10,23.30
2023-04-29,12.20,8.80,59.50,30.70
2023-04-30,14.90,10.50,22.20,27.50
2023-05-01,15.70,7.60,1.80,38.60
2023-05-02,13.40,8.40,0.80,26.90
2023-05-03,12.60,5.80,0.70,14.80
2023-05-04,14.40,6.30,1.70,16.30
2023-05-05,17.10,6.90,3.50,11.90
2023-05-06,21.00,6.60,0.00,19.00
2023-05-07,23.80,9.30,0.00,22.10
2023-05-08,23.70,12.90,0.00,21.20
2023-05-09,19.30,9.80,0.00,21.70
2023-05-10,21.20,7.20,0.00,19.80
2023-05-11,25.40,9.60,0.00,21.70
2023-05-12,29.50,13.00,0.00,15.30
2023-05-13,27.40,17.60,0.00,19.70
2023-05-14,22.90,12.60,0.00,22.00
2023-05-15,25.40,9.70,0.00,18.70
2023-05-16,27.80,12.80,0.00,24.90
2023-05-17,18.80,10.60,0.00,26.40
2023-05-18,14.20,6.80,0.00,22.10
2023-05-19,19.50,10.50,0.00,33.00
2023-05-20,17.60,13.60,26.90,15.90
2023-05-21,21.90,13.00,0.60,23.00
2023-05-22,23.00,12.30,0.20,20.60
2023-05-23,19.50,11.10,0.00,21.50
2023-05-24,21.90,9.90,0.70,25.00
2023-05-25,19.20,10.10,0.00,25.90
2023-05-26,22.20,10.10,0.00,15.30
2023-05-27,24.40,9.90,0.00,20.10
2023-05-28,23.60,11.60,0.00,19.90
2023-05-29,24.70,13.80,0.00,28.50
2023-05-30,20.40,11.80,0.00,18.60
2023-05-31,22.60,10.80,0.00,15.30
2023-06-01,27.40,12.30,0.00,17.40
2023-06-02,30.80,15.10,0.00,17.10
2023-06-03,20.10,14.10,3.50,22.30
2023-06-04,21.50,10.40,0.10,25.00
2023-06-05,24.00,11.60,0.00,21.50
2023-06-06,25.80,14.60,0.20,33.90
2023-06-07,25.10,13.20,0.00,21.30
2023-06-08,22.40,10.70,0.00,19.20
2023-06-09,22.90,11.70,0.90,20.00
2023-06-10,26.40,12.30,0.20,18.10
2023-06-11,27.10,16.40,0.00,18.60
2023-06-12,24.00,19.20,8.50,27.00
2023-06-13,26.40,16.10,0.00,21.60
2023-06-14,24.70,14.90,9.50,24.10
2023-06-15,26.20,15.00,0.00,20.40
2023-06-16,25.90,15.10,10.80,18.80
2023-06-17,25.50,14.80,0.10,31.60
2023-06-18,26.50,15.80,0.00,19.20
2023-06-19,25.20,16.30,1.40,20.00
2023-06-20,23.50,16.50,0.00,21.30
2023-06-21,22.90,15.50,0.30,23.40
2023-06-22,21.00,15.40,0.30,25.00
2023-06-23,22.90,17.00,12.40,21.80
2023-06-24,25.70,19.20,21.20,16.90
2023-06-25,28.50,18.60,1.90,17.90
2023-06-26,25.50,19.10,4.60,20.30
2023-06-27,26.40,19.40,18.70,18.80
2023-06-28,28.60,18.90,2.10,13.80
2023-06-29,28.60,16.20,0.00,14.30
2023-06-30,29.20,17.10,0.00,21.10
2023-07-01,26.90,17.70,0.00,24.70
2023-07-02,31.20,20.40,16.10,20.60
2023-07-03,31.10,22.40,17.80,16.80
2023-07-04,29.40,21.30,5.40,13.20
2023-07-05,32.30,21.00,0.00,15.20
2023-07-06,31.30,21.50,0.00,20.00
2023-07-07,29.70,21.90,0.60,18.40
2023-07-08,29.60,22.50,4.40,15.20
2023-07-09,27.00,21.50,18.50,14.90
2023-07-10,28.70,21.30,1.30,17.20
2023-07-11,31.80,17.10,0.00,10.60
2023-07-12,33.00,19.60,0.00,16.30
2023-07-13,31.90,21.30,0.20,24.40
2023-07-14,28.20,21.40,36.60,20.70
2023-07-15,29.50,20.50,8.00,16.80
2023-07-16,26.00,21.90,41.40,18.20
2023-07-17,31.80,20.00,0.10,17.60
2023-07-18,29.60,21.40,8.30,17.10
2023-07-19,27.50,18.80,3.80,10.90
2023-07-20,28.50,20.00,0.50,14.90
2023-07-21,29.50,21.90,3.50,15.60
2023-07-22,28.50,18.50,0.00,15.10
2023-07-23,30.10,17.40,0.50,19.30
2023-07-24,28.80,18.60,1.90,23.10
2023-07-25,28.70,19.20,9.00,15.10
2023-07-26,30.10,17.10,0.40,20.90
2023-07-27,33.90,22.30,0.70,27.50
2023-07-28,34.20,21.40,0.00,17.30
2023-07-29,33.90,23.40,4.30,32.80
2023-07-30,26.30,17.70,0.00,19.60
2023-07-31,29.50,15.60,0.00,14.90
2023-08-01,27.00,17.00,0.00,18.90
2023-08-02,27.80,14.60,0.00,16.90
2023-08-03,26.40,15.60,0.90,30.00
2023-08-04,27.50,18.50,0.90,21.30
2023-08-05,30.80,18.30,0.20,12.90
2023-08-06,29.90,18.10,0.00,21.80
2023-08-07,27.80,22.00,37.90,31.20
2023-08-08,27.10,21.60,15.20,30.60
2023-08-09,29.50,19.80,0.10,22.40
2023-08-10,25.50,18.80,11.90,14.90
2023-08-11,29.20,18.10,0.10,20.20
2023-08-12,28.10,17.10,8.60,16.60
2023-08-13,30.70,21.50,2.90,20.80
2023-08-14,30.90,18.80,1.30,20.50
2023-08-15,27.00,21.20,20.30,17.50
2023-08-16,26.60,20.80,4.00,14.40
2023-08-17,25.70,20.40,5.90,20.30
2023-08-18,27.00,19.60,3.10,25.30
2023-08-19,26.40,15.40,0.00,21.00
2023-08-20,29.90,15.20,0.00,14.40
2023-08-21,31.10,18.50,0.10,15.10
2023-08-22,26.10,18.00,0.00,22.70
2023-08-23,25.50,16.00,0.00,18.10
2023-08-24,24.50,19.50,2.20,26.40
2023-08-25,28.00,20.50,11.10,19.70
2023-08-26,30.20,19.90,0.40,14.80
2023-08-27,28.40,18.50,0.50,13.30
2023-08-28,25.00,18.90,1.10,18.40
2023-08-29,27.60,17.80,1.60,13.50
2023-08-30,29.60,21.00,0.70,20.70
2023-08-31,25.10,17.10,0.00,22.50
2023-09-01,24.50,13.70,0.00,13.70
2023-09-02,27.00,12.90,0.00,24.20
2023-09-03,32.30,18.00,0.30,16.80
2023-09-04,33.80,19.90,1.20,18.10
2023-09-05,35.30,22.10,0.00,14.10
2023-09-06,35.90,23.00,0.00,9.40
2023-09-07,35.20,21.50,3.80,18.50
2023-09-08,31.70,20.40,14.30,16.10
2023-09-09,29.20,20.80,8.50,12.60
2023-09-10,24.50,19.60,16.50,10.70
2023-09-11,27.60,19.90,4.40,10.50
2023-09-12,29.00,19.10,0.20,11.90
2023-09-13,26.60,19.80,17.10,11.90
2023-09-14,25.00,17.00,0.00,16.90
2023-09-15,21.50,13.60,0.00,23.30
2023-09-16,24.50,15.20,0.00,22.00
2023-09-17,24.20,11.80,0.50,14.80
2023-09-18,21.50,16.60,13.90,17.30
2023-09-19,23.50,13.40,0.00,21.50
2023-09-20,23.50,11.70,0.00,14.30
2023-09-21,22.80,11.60,0.00,13.00
2023-09-22,22.40,13.00,0.00,22.60
2023-09-23,16.10,13.60,42.30,31.40
2023-09-24,19.80,16.00,17.30,31.90
2023-09-25,17.30,14.40,17.50,30.80
2023-09-26,17.00,13.40,8.50,24.60
2023-09-27,17.80,9.40,0.00,19.40
2023-09-28,18.80,10.70,0.10,17.50
2023-09-29,17.10,13.20,69.90,25.50
2023-09-30,21.70,13.00,1.00,20.40
2023-10-01,25.00,14.10,0.00,18.70
2023-10-02,25.40,15.80,0.00,16.00
2023-10-03,27.40,13.10,0.00,8.60
2023-10-04,27.80,14.90,0.00,12.60
2023-10-05,24.00,13.10,0.00,17.40
2023-10-06,22.50,17.50,2.60,15.00
2023-10-07,20.60,11.80,60.40,29.10
2023-10-08,16.90,9.40,0.00,24.50
2023-10-09,15.60,7.30,0.10,23.90
2023-10-10,18.00,7.80,0.00,19.70
2023-10-11,20.70,8.10,0.00,14.20
2023-10-12,21.00,7.20,0.00,11.00
2023-10-13,17.60,8.80,0.00,14.00
2023-10-14,11.90,9.40,15.10,16.70
2023-10-15,16.60,9.50,1.20,24.80
2023-10-16,17.70,7.10,0.20,19.90
2023-10-17,16.90,8.20,0.60,12.10
2023-10-18,17.20,6.80,0.30,8.90
2023-10-19,18.00,7.20,0.00,19.60
2023-10-20,17.30,12.80,27.20,25.70
2023-10-21,17.80,12.80,5.90,25.60
2023-10-22,13.90,9.10,0.00,27.50
2023-10-23,16.10,7.40,0.00,22.20
2023-10-24,17.80,4.30,0.00,11.90
2023-10-25,22.00,7.80,0.00,14.70
2023-10-26,26.00,9.40,0.00,14.40
2023-10-27,24.60,12.40,0.00,14.80
2023-10-28,27.00,16.30,0.00,18.70
2023-10-29,16.20,10.60,6.90,19.20
2023-10-30,19.10,10.40,2.00,25.00
2023-10-31,10.60,6.70,0.20,18.10
2023-11-01,9.80,3.50,3.50,23.30
2023-11-02,9.70,-0.20,0.00,12.20
2023-11-03,13.10,0.30,0.00,17.70
2023-11-04,15.00,3.70,0.00,11.00
2023-11-05,17.00,4.50,0.00,14.80
2023-11-06,12.10,4.00,0.10,12.60
2023-11-07,20.30,10.60,5.70,20.30
2023-11-08,10.90,4.50,0.00,19.30
2023-11-09,15.30,2.80,0.40,12.00
2023-11-10,10.80,5.70,0.30,16.30
2023-11-11,12.20,4.00,0.00,18.10
2023-11-12,7.20,-0.20,0.00,13.30
2023-11-13,8.90,-2.10,0.00,13.60
2023-11-14,11.20,1.90,0.00,27.90
2023-11-15,10.90,-1.10,0.00,14.70
2023-11-16,17.90,1.90,0.00,10.50
2023-11-17,19.50,4.30,0.00,18.50
2023-11-18,13.20,3.50,1.20,25.90
2023-11-19,12.40,1.10,0.00,20.90
2023-11-20,7.20,-0.90,0.00,18.70
2023-11-21,8.40,-1.20,7.90,29.80
2023-11-22,14.40,8.20,24.70,38.30
2023-11-23,11.20,5.20,0.00,20.90
2023-11-24,9.90,0.10,0.00,22.70
2023-11-25,4.20,-3.00,0.00,15.80
2023-11-26,10.60,-2.50,5.50,34.30
2023-11-27,12.80,2.80,4.40,37.60
2023-11-28,4.00,-1.80,0.10,28.90
2023-11-29,2.60,-4.30,0.00,21.00
2023-11-30,9.60,-2.60,0.00,17.60
2023-12-01,7.80,-0.20,5.30,14.30
2023-12-02,16.20,4.40,0.10,16.30
2023-12-03,10.10,5.80,16.20,19.10
2023-12-04,10.90,4.80,0.00,21.00
2023-12-05,6.70,1.50,0.00,14.70
2023-12-06,5.10,-2.20,0.10,22.30
2023-12-07,3.50,-3.30,0.00,17.50
2023-12-08,9.10,-2.00,0.00,11.00
2023-12-09,13.50,1.10,0.00,12.00
2023-12-10,17.00,5.10,28.10,29.20
2023-12-11,14.10,2.70,26.90,35.10
2023-12-12,6.20,-2.20,0.00,18.10
2023-12-13,7.50,0.10,0.00,18.20
2023-12-14,4.70,-3.20,0.00,13.10
2023-12-15,12.50,-0.60,0.00,16.60
2023-12-16,11.60,3.00,0.00,12.60
2023-12-17,13.10,5.20,16.80,23.00
2023-12-18,15.60,5.80,78.90,53.50
2023-12-19,6.20,-0.90,0.00,24.00
2023-12-20,7.60,-3.70,0.00,16.40
2023-12-21,4.40,-2.70,0.00,20.90
2023-12-22,2.70,-5.60,0.00,13.10
2023-12-23,6.00,-3.30,0.50,9.70
2023-12-24,8.80,1.10,0.00,7.60
2023-12-25,11.60,1.30,0.00,8.60
2023-12-26,7.70,3.00,0.00,7.30
2023-12-27,9.10,5.30,5.20,16.10
2023-12-28,11.70,8.60,40.10,23.80
2023-12-29,13.40,7.20,0.40,18.10
2023-12-30,8.00,1.30,0.10,26.60
2023-12-31,6.50,-2.00,0.00,15.90
2024-01-01,7.70,0.20,0.00,14.30
2024-01-02,5.70,-4.60,0.00,13.70
2024-01-03,7.70,-2.30,0.00,14.40
2024-01-04,6.80,-2.10,0.00,26.90
2024-01-05,3.10,-5.30,0.00,20.50
2024-01-06,2.80,-5.20,11.00,29.10
2024-01-07,2.50,-0.20,7.30,27.00
2024-01-08,6.30,-3.20,0.00,20.10
2024-01-09,12.60,-4.60,31.50,57.30
2024-01-10,13.80,5.20,28.20,48.60
2024-01-11,8.10,0.10,0.00,22.90
2024-01-12,8.10,-2.00,0.80,22.10
2024-01-13,14.60,1.80,22.90,34.20
2024-01-14,6.30,-3.80,0.50,36.40
2024-01-15,-0.80,-5.80,0.80,11.40
2024-01-16,-0.90,-5.70,9.50,23.20
2024-01-17,-4.20,-8.90,0.00,23.80
2024-01-18,0.40,-6.80,0.30,17.10
2024-01-19,-0.90,-4.60,2.70,16.50
2024-01-20,-3.30,-8.10,0.00,26.20
2024-01-21,-1.10,-7.50,0.00,23.60
2024-01-22,3.60,-6.90,0.00,17.60
2024-01-23,4.60,-1.60,1.70,18.80
2024-01-24,5.60,0.10,3.20,10.50
2024-01-25,11.40,5.20,5.60,21.20
2024-01-26,8.30,3.20,4.60,15.70
2024-01-27,8.60,2.80,0.00,13.00
2024-01-28,4.20,2.50,21.30,28.80
2024-01-29,5.80,0.60,0.70,27.60
2024-01-30,4.30,-4.00,0.00,12.10
2024-01-31,4.40,-1.10,0.20,11.20
2024-02-01,9.00,-3.40,0.60,19.80
2024-02-02,6.00,2.00,6.30,22.60
2024-02-03,6.00,-3.20,0.00,24.20
2024-02-04,7.50,-3.80,0.00,14.80
2024-02-05,7.10,-3.20,0.00,28.20
2024-02-06,5.70,-4.90,0.00,19.10
2024-02-07,8.10,-3.70,0.00,12.70
2024-02-08,10.00,-3.80,0.00,10.50
2024-02-09,11.40,0.90,0.00,14.90
2024-02-10,15.90,1.80,0.10,16.60
2024-02-11,9.00,3.60,0.00,15.60
2024-02-12,9.10,-1.80,0.10,11.30
2024-02-13,3.40,-1.20,27.70,25.60
2024-02-14,0.30,-4.30,0.00,25.70
2024-02-15,2.80,-5.40,0.20,22.30
2024-02-16,5.10,-2.00,0.00,31.20
2024-02-17,2.20,-4.60,5.90,21.70
2024-02-18,4.90,-6.30,0.00,29.40
2024-02-19,4.10,-4.10,0.00,20.80
2024-02-20,2.30,-6.40,0.00,13.10
2024-02-21,4.60,-5.60,0.00,15.00
2024-02-22,6.80,-5.10,0.30,19.80
2024-02-23,8.20,1.40,3.10,12.80
2024-02-24,5.60,-2.80,0.00,21.40
2024-02-25,4.10,-7.30,0.00,16.20
2024-02-26,11.40,-2.20,2.90,13.50
2024-02-27,13.90,-0.10,3.80,26.10
2024-02-28,17.10,10.10,15.70,34.20
2024-02-29,6.70,-2.80,0.10,30.70
2024-03-01,5.90,-4.40,0.00,20.30
2024-03-02,10.10,1.80,28.10,26.50
2024-03-03,18.70,5.90,0.00,15.80
2024-03-04,14.40,3.70,0.00,21.80
2024-03-05,8.40,4.00,20.30,20.10
2024-03-06,9.80,3.70,33.20,20.60
2024-03-07,12.60,5.80,3.50,28.00
2024-03-08,12.40,0.80,0.00,21.60
2024-03-09,7.90,3.80,28.70,33.50
2024-03-10,10.90,2.20,20.90,30.60
2024-03-11,10.10,1.00,0.00,45.90
2024-03-12,17.50,2.50,0.00,21.50
2024-03-13,15.40,2.50,0.00,15.00
2024-03-14,21.20,4.00,0.00,15.80
2024-03-15,21.60,8.20,0.80,24.10
2024-03-16,14.40,4.80,0.10,20.70
2024-03-17,15.80,7.20,0.40,28.80
2024-03-18,9.20,2.40,0.00,20.60
2024-03-19,7.50,0.20,0.50,27.80
2024-03-20,11.90,1.10,2.80,30.70
2024-03-21,5.60,-3.70,0.00,30.30
2024-03-22,5.70,-5.20,0.00,18.90
2024-03-23,10.00,1.10,63.60,33.30
2024-03-24,8.60,-2.40,0.00,33.50
2024-03-25,10.20,-1.50,0.00,22.10
2024-03-26,9.90,0.10,0.00,18.80
2024-03-27,10.90,4.80,0.60,11.20
2024-03-28,10.70,6.40,21.50,18.50
2024-03-29,12.60,4.00,0.40,34.50
2024-03-30,14.60,2.40,0.10,24.30
2024-03-31,16.20,4.50,0.20,20.30
2024-04-01,12.60,5.50,3.30,13.20
2024-04-02,8.90,6.20,19.00,20.70
2024-04-03,6.90,4.40,25.60,39.80
2024-04-04,9.20,3.00,9.10,38.80
2024-04-05,9.60,1.60,0.00,28.50
2024-04-06,11.50,3.10,0.20,27.90
2024-04-07,14.30,1.50,0.10,24.10
2024-04-08,18.00,0.90,1.00,14.20
2024-04-09,24.00,4.90,0.00,18.20
2024-04-10,15.90,8.20,0.60,16.60
2024-04-11,17.10,9.30,6.50,29.40
2024-04-12,19.60,12.60,14.90,39.00
2024-04-13,12.10,7.70,2.00,35.30
2024-04-14,22.20,5.90,0.90,23.80
2024-04-15,24.80,10.40,0.00,24.60
2024-04-16,20.50,6.90,0.00,18.50
2024-04-17,15.60,7.40,3.00,18.40
2024-04-18,9.40,5.60,6.20,25.00
2024-04-19,13.20,4.10,0.00,20.40
2024-04-20,20.10,8.40,2.30,28.80
2024-04-21,12.10,2.10,0.00,23.00
2024-04-22,15.00,2.10,0.00,17.00
2024-04-23,14.80,2.20,0.00,27.80
2024-04-24,21.40,8.60,1.60,32.00
2024-04-25,12.30,3.20,0.00,22.00
2024-04-26,14.60,1.70,0.00,19.20
2024-04-27,14.50,3.00,0.30,27.10
2024-04-28,22.80,8.80,0.60,16.30
2024-04-29,28.30,13.40,3.40,15.50
2024-04-30,22.90,11.20,2.20,14.60
2024-05-01,24.80,10.40,1.50,19.80
2024-05-02,27.80,10.20,0.00,22.70
2024-05-03,17.20,9.80,0.00,19.20
2024-05-04,16.50,7.80,0.00,21.20
2024-05-05,12.10,9.10,8.60,23.70
2024-05-06,22.60,11.90,0.80,11.60
2024-05-07,26.10,12.20,0.00,15.20
2024-05-08,30.90,15.90,0.00,26.60
2024-05-09,21.00,14.30,0.00,16.60
2024-05-10,15.10,9.40,12.90,19.70
2024-05-11,16.50,6.50,0.00,19.80
2024-05-12,13.40,8.60,7.60,14.80
2024-05-13,20.00,5.80,0.00,23.60
2024-05-14,22.50,9.40,3.20,21.30
2024-05-15,19.80,13.50,6.80,26.00
2024-05-16,19.00,14.90,4.80,31.40
2024-05-17,22.60,12.10,0.00,18.30
2024-05-18,22.80,13.20,2.20,15.70
2024-05-19,23.40,12.50,0.20,19.70
2024-05-20,23.80,10.70,0.00,19.00
2024-05-21,27.10,12.40,0.00,17.00
2024-05-22,28.50,15.80,0.00,22.80
2024-05-23,27.10,19.00,3.00,16.10
2024-05-24,29.40,15.80,0.00,15.50
2024-05-25,26.00,13.90,0.00,17.50
2024-05-26,26.00,15.70,0.20,16.00
2024-05-27,22.50,17.10,34.60,26.50
2024-05-28,27.10,17.80,0.00,26.70
2024-05-29,25.10,14.00,12.40,17.60
2024-05-30,21.70,13.90,2.20,21.70
2024-05-31,25.00,13.20,0.00,20.40
2024-06-01,28.10,13.10,0.00,16.00
2024-06-02,27.30,14.20,0.00,21.30
2024-06-03,30.00,17.50,0.20,15.20
2024-06-04,25.60,16.50,0.00,18.40
2024-06-05,26.20,14.70,6.60,23.60
2024-06-06,27.80,19.40,40.50,32.80
2024-06-07,28.50,17.50,0.50,23.40
2024-06-08,25.30,15.40,0.00,26.30
2024-06-09,25.40,14.60,0.10,27.00
2024-06-10,24.50,14.60,0.00,17.70
2024-06-11,23.40,13.90,1.10,11.40
2024-06-12,25.80,14.50,0.00,18.00
2024-06-13,29.00,13.90,0.00,31.20
2024-06-14,29.60,19.50,18.90,15.50
2024-06-15,27.40,17.10,0.00,22.60
2024-06-16,24.00,14.50,0.00,18.60
2024-06-17,29.50,16.10,0.00,25.80
2024-06-18,30.00,20.50,0.00,24.40
2024-06-19,31.10,19.80,0.00,25.00
2024-06-20,33.40,19.90,0.00,21.30
2024-06-21,35.50,22.70,0.00,21.20
2024-06-22,34.70,22.30,5.00,16.70
2024-06-23,36.30,22.60,0.10,26.70
2024-06-24,27.20,22.30,0.00,39.00
2024-06-25,33.80,20.10,0.00,23.70
2024-06-26,35.80,23.20,0.10,28.00
2024-06-27,30.40,21.60,10.60,19.20
2024-06-28,25.50,15.40,0.00,21.60
2024-06-29,26.90,17.90,1.70,34.10
2024-06-30,33.50,22.00,20.80,24.00
2024-07-01,26.90,16.50,0.10,24.70
2024-07-02,28.80,16.50,0.00,15.50
2024-07-03,28.10,17.20,0.00,27.90
2024-07-04,30.50,19.50,1.80,19.70
2024-07-05,32.20,22.10,1.70,18.20
2024-07-06,33.20,23.00,3.20,16.60
2024-07-07,32.70,23.90,1.60,15.90
2024-07-08,33.00,23.30,0.00,15.30
2024-07-09,31.00,22.50,0.20,24.90
2024-07-10,32.10,24.80,0.30,34.50
2024-07-11,34.50,24.20,5.60,28.20
2024-07-12,29.50,21.90,6.00,19.90
2024-07-13,30.80,21.60,27.50,17.10
2024-07-14,31.40,22.00,1.20,15.90
2024-07-15,35.20,23.10,0.50,20.80
2024-07-16,35.20,22.70,0.80,24.50
2024-07-17,32.10,23.90,33.70,18.30
2024-07-18,30.90,21.50,0.40,13.70
2024-07-19,29.00,18.00,0.00,15.60
2024-07-20,28.90,17.80,2.10,17.60
2024-07-21,31.50,19.80,0.10,21.60
2024-07-22,28.50,21.10,4.50,20.70
2024-07-23,29.60,21.10,3.30,8.50
2024-07-24,29.50,21.20,8.80,14.90
2024-07-25,30.80,20.70,0.00,16.30
2024-07-26,29.50,18.20,0.00,21.10
2024-07-27,30.00,17.70,0.00,15.00
2024-07-28,31.50,18.10,0.00,23.10
2024-07-29,29.50,21.60,4.00,17.90
2024-07-30,32.10,21.40,0.00,28.80
2024-07-31,32.00,23.20,9.90,18.20
2024-08-01,34.90,20.50,0.10,16.90
2024-08-02,33.00,23.70,10.00,21.60
2024-08-03,33.10,23.50,13.10,19.50
2024-08-04,28.30,23.10,13.70,14.30
2024-08-05,32.00,20.40,0.00,19.80
2024-08-06,32.60,22.10,37.50,15.90
2024-08-07,22.70,18.60,24.00,21.20
2024-08-08,23.50,18.20,5.70,24.30
2024-08-09,28.50,22.10,23.70,44.30
2024-08-10,29.50,21.80,1.00,18.20
2024-08-11,27.50,19.10,0.00,19.70
2024-08-12,26.40,16.50,0.00,20.40
2024-08-13,27.10,16.50,0.00,14.70
2024-08-14,28.50,17.60,0.10,15.80
2024-08-15,30.40,17.20,0.00,11.60
2024-08-16,30.50,18.50,0.00,18.40
2024-08-17,26.50,20.90,4.60,24.30
2024-08-18,25.80,21.10,27.50,25.10
2024-08-19,28.50,20.40,29.70,19.80
2024-08-20,22.50,16.50,0.10,22.70
2024-08-21,22.80,13.00,0.00,20.90
2024-08-22,24.60,12.60,0.00,19.20
2024-08-23,27.50,13.40,0.00,14.00
2024-08-24,30.00,14.90,0.00,14.80
2024-08-25,30.20,16.40,0.20,17.30
2024-08-26,30.00,18.20,0.90,22.70
2024-08-27,29.90,17.80,0.00,20.20
2024-08-28,34.20,21.50,0.00,15.90
2024-08-29,27.00,20.20,4.60,19.10
2024-08-30,24.00,18.30,3.90,18.10
2024-08-31,25.80,17.80,0.90,17.70
2024-09-01,29.10,21.00,4.80,19.80
2024-09-02,26.20,17.60,0.00,19.90
2024-09-03,23.00,12.30,0.00,17.10
2024-09-04,25.10,12.40,0.00,14.00
2024-09-05,25.60,12.70,0.00,17.40
2024-09-06,26.50,14.60,0.10,17.70
2024-09-07,24.50,14.20,3.10,25.20
2024-09-08,21.90,11.40,0.00,21.00
2024-09-09,25.00,10.60,0.00,20.90
2024-09-10,26.10,13.80,0.00,14.50
2024-09-11,25.50,12.10,0.00,12.70
2024-09-12,26.30,14.90,0.00,16.30
2024-09-13,27.50,13.90,0.00,13.70
2024-09-14,29.60,14.90,0.00,14.00
2024-09-15,28.10,15.50,0.00,19.10
2024-09-16,25.80,13.10,0.00,14.40
2024-09-17,27.20,14.80,0.00,18.10
2024-09-18,23.90,17.90,0.00,17.50
2024-09-19,29.80,16.40,0.00,17.30
2024-09-20,27.80,17.40,0.00,20.30
2024-09-21,27.10,15.40,0.00,18.10
2024-09-22,25.40,13.60,0.00,17.20
2024-09-23,21.10,13.20,0.10,16.90
2024-09-24,20.20,13.90,0.00,17.20
2024-09-25,20.80,16.00,1.10,20.80
2024-09-26,23.40,17.10,4.40,17.70
2024-09-27,22.30,18.60,0.90,15.40
2024-09-28,20.00,16.00,13.70,19.80
2024-09-29,18.60,16.50,1.20,17.80
2024-09-30,22.90,14.40,0.00,18.50
2024-10-01,22.20,14.60,0.00,16.50
2024-10-02,20.70,13.00,0.00,14.30
2024-10-03,22.40,15.10,0.10,15.10
2024-10-04,23.40,12.40,0.20,16.90
2024-10-05,24.00,13.70,0.40,18.00
2024-10-06,21.90,10.10,0.00,17.20
2024-10-07,23.60,15.60,5.50,19.70
2024-10-08,20.90,10.40,0.00,16.70
2024-10-09,20.20,9.20,0.10,22.20
2024-10-10,18.00,7.70,0.00,21.30
2024-10-11,21.10,6.40,0.00,18.90
2024-10-12,23.10,12.30,0.00,24.00
2024-10-13,23.60,9.80,0.00,16.40
2024-10-14,19.50,8.60,0.00,36.20
2024-10-15,14.70,5.40,0.20,20.60
2024-10-16,15.50,5.40,0.00,22.00
2024-10-17,15.20,3.60,0.00,23.10
2024-10-18,19.50,6.80,0.00,20.40
2024-10-19,21.60,7.10,0.00,11.50
2024-10-20,24.60,5.80,0.00,11.00
2024-10-21,27.80,7.80,0.00,13.60
2024-10-22,27.80,12.80,0.00,12.50
2024-10-23,25.40,10.90,0.00,17.80
2024-10-24,20.80,11.60,0.60,25.80
2024-10-25,18.10,6.40,0.00,15.80
2024-10-26,18.30,9.60,0.00,24.80
2024-10-27,14.90,4.80,0.00,18.60
2024-10-28,16.20,2.90,0.00,15.10
2024-10-29,17.50,6.10,1.10,24.00
2024-10-30,25.90,11.10,0.00,13.90
2024-10-31,28.20,12.00,0.00,22.20
2024-11-01,26.60,15.10,0.30,30.40
2024-11-02,15.90,8.30,0.00,20.30
2024-11-03,13.20,3.70,0.00,14.50
2024-11-04,14.40,3.50,0.00,19.20
2024-11-05,22.50,8.80,0.00,21.30
2024-11-06,27.00,16.40,0.00,22.80
2024-11-07,23.00,12.50,0.00,21.30
2024-11-08,20.60,6.70,0.00,27.60
2024-11-09,13.00,4.50,0.00,23.50
2024-11-10,14.40,2.30,0.70,20.40
2024-11-11,21.00,10.90,3.30,25.70
2024-11-12,12.10,5.60,0.00,26.90
2024-11-13,9.10,1.40,0.00,13.60
2024-11-14,7.80,1.40,0.00,9.60
2024-11-15,14.80,3.00,0.00,14.50
2024-11-16,16.50,6.20,0.00,16.60
2024-11-17,18.00,6.50,0.00,14.50
2024-11-18,17.90,7.60,0.00,14.00
2024-11-19,14.80,5.90,0.00,13.10
2024-11-20,15.90,7.20,0.00,11.50
2024-11-21,12.20,4.20,42.30,17.50
2024-11-22,4.90,2.10,14.90,24.80
2024-11-23,8.90,2.50,1.40,25.40
2024-11-24,10.90,5.50,0.00,22.30
2024-11-25,10.80,2.20,0.00,10.70
2024-11-26,14.90,6.60,3.70,15.40
2024-11-27,10.30,2.30,0.00,9.60
2024-11-28,11.70,4.90,13.10,20.00
2024-11-29,7.80,1.10,0.20,18.40
2024-11-30,3.50,-2.20,0.00,16.90
2024-12-01,2.70,-3.70,0.00,17.90
2024-12-02,4.00,-3.20,0.00,10.50
2024-12-03,5.20,-2.20,0.00,11.80
2024-12-04,3.80,-3.30,0.00,15.80
2024-12-05,4.60,-0.10,3.60,27.30
2024-12-06,0.20,-2.30,0.00,18.70
2024-12-07,4.70,-2.70,0.00,13.90
2024-12-08,11.40,1.50,0.00,19.60
2024-12-09,10.40,1.00,7.40,11.60
2024-12-10,11.10,5.80,2.10,13.20
2024-12-11,16.10,5.90,34.30,24.00
2024-12-12,5.20,-2.00,0.10,25.10
2024-12-13,0.20,-4.00,0.00,11.30
2024-12-14,0.60,-5.60,0.00,8.30
2024-12-15,3.00,-4.90,0.10,10.00
2024-12-16,9.50,1.60,15.40,12.50
2024-12-17,14.70,7.40,4.70,15.80
2024-12-18,9.90,1.50,2.50,10.90
2024-12-19,6.80,0.80,2.60,15.00
2024-12-20,2.50,-0.80,1.70,14.60
2024-12-21,0.30,-6.60,4.10,19.90
2024-12-22,-6.90,-12.10,0.00,14.50
2024-12-23,-4.00,-14.90,0.00,9.20
2024-12-24,1.50,-4.10,1.90,10.50
2024-12-25,0.20,-6.30,0.00,10.20
2024-12-26,-0.20,-8.10,0.00,8.30
2024-12-27,2.00,-9.40,0.00,6.20
2024-12-28,7.20,1.80,5.60,6.70
2024-12-29,16.10,4.40,2.70,22.40
2024-12-30,13.00,7.80,5.80,25.50
2024-12-31,9.70,1.50,5.90,12.20
